;1897-11-21
chambre;91.0
député;17.0
législ;1.0
session;1.0
extraordinaire;3.0
compte;8.0
rendu;4.0
extenso;2.0
séance;21.0
samedi;4.0
novembre;8.0
sommaire;1.0
procès-verbal;7.0
antoine;14.0
babaud-lacroze;12.0
excuse;3.0
demande;58.0
congé;17.0
suite;10.0
discussion;24.0
interpellation;13.0
jaurès;73.0
réforme;34.0
solution;15.0
gouvernement;30.0
entend;3.0
proposer;3.0
remédier;4.0
crise;22.0
agricole;57.0
président;152.0
conseil;85.0
ministre;18.0
agriculture;62.0
proposition;24.0
georges;52.0
grau;12.0
affichage;16.0
discours;21.0
dépôt;12.0
renou;13.0
disposition;10.0
réglementaire;5.0
adoption;23.0
scrutin;36.0
reprise;4.0
gayraud;41.0
ordre;100.0
jour;112.0
motivés;1.0
desfarges;13.0
porteu;16.0
marcel;16.0
habert;16.0
paul;36.0
deschanel;39.0
dujardin-beaumetz;8.0
porte;14.0
couyba;8.0
lucien;8.0
hubert;9.0
vaillant;9.0
millerand;16.0
dubief;33.0
priorité;22.0
rejet;3.0
partie;18.0
seconde;9.0
addition;11.0
bepmale;14.0
ensemble;17.0
projet;32.0
résolution;22.0
déclaration;7.0
urgence;8.0
motion;2.0
règlement;3.0
récret;1.0
désignant;2.0
commissaire;4.0
finance;5.0
loi;39.0
octroi;20.0
bapaume;2.0
bagnères-de-bigorre;1.0
gorgue;2.0
orchies;2.0
rambervillers;2.0
saintjunien;2.0
affaire;5.0
étranger;13.0
déclarant;2.0
île;1.0
vent;2.0
tahiti;2.0
intégrante;2.0
domaine;1.0
colonial;2.0
france;16.0
dulau;12.0
rapport;14.0
adopté;19.0
sénat;3.0
code;2.0
rural;4.0
livre;3.0
iii;2.0
police;4.0
rurale;10.0
titre;2.0
ier;2.0
administratif;6.0
amaury;8.0
simon;8.0
nom;8.0
commission;31.0
intérêt;13.0
local;5.0
briec;2.0
guipavas;2.0
relatif;4.0
prononcé;6.0
présidence;1.0
iienri;1.0
brisson;7.0
ouverte;3.0
henry;20.0
cochin;15.0
secrétaire;6.0
donne;8.0
lecture;7.0
hier;5.0
porté;4.0
journal;1.0
officiel;1.0
voté;17.0
mise;10.0
vordre;2.0
martinon;6.0
mévente;1.0
porc;1.0
erreur;2.0
matérielle;1.0
observation;9.0
braud;5.0
pourquery;7.0
boisserin;7.0
berry;7.0
excusent;2.0
pouvoir;11.0
assister;4.0
maurice;20.0
sibille;8.0
roch;8.0
demandent;3.0
renvoyées;1.0
appelle;6.0
continuer;2.0
jules;89.0
méline;7.0
vagriculture;1.0
Monsieur;56.0
essayé;3.0
établir;3.0
remède;18.0
proposé;3.0
école;2.0
socialiste;48.0
serait;26.0
pire;1.0
mal;13.0
ferait;3.0
aggraver;2.0
ruinant;1.0
principe;20.0
propriété;85.0
individuel;22.0
constitue;4.0
essentielle;1.0
résistance;2.0
lutte;2.0
difficile;5.0
soutenir;5.0
crois;11.0
prouvé;3.0
collectiviste;14.0
recul;3.0
véritable;11.0
retour;3.0
barbarie;1.0
guesde;29.0
avez-vous;4.0
établi;4.0
conviens;3.0
atteindrait;1.0
but;13.0
aurait;7.0
riche;4.0
pauvre;7.0
seraient;4.0
seul;9.0
résultat;22.0
révolution;7.0
sociale;12.0
annonce;1.0
fracas;1.0
centre;42.0
proteste;1.0
voudrais;3.0
opposer;4.0
diffère;2.0
point;20.0
méthode;2.0
partons;1.0
conception;2.0
idéale;1.0
-de;1.0
société;21.0
thèse;4.0
priori;1.0
observons;1.0
suivons;2.0
développement;11.0
tâchons;2.0
appliquer;6.0
fur;1.0
mesure;23.0
nature;7.0
atténuer;2.0
souffrance;4.0
population;5.0
agricoles;32.0
dejeante;15.0
félicitent;1.0
sauverez;1.0
cas;8.0
découvrir;2.0
applicable;1.0
nécessaire;16.0
connaître;3.0
cause;24.0
question;59.0
étudier;3.0
tient;3.0
suffit;15.0
ramener;2.0
phénomène;6.0
économique;16.0
gravité;1.0
considérable;11.0
inquiétant;1.0
avenir;8.0
baisse;19.0
générale;14.0
progressive;2.0
an;21.0
pourrais;2.0
produit;47.0
exception;2.0
peut-être;7.0
connu;3.0
insister;1.0
éclairer;2.0
opinion;6.0
publique;17.0
statistique;6.0
mercuriale;1.0
mar-;1.0
chés;1.0
fournissent;1.0
donnée;2.0
condenser;1.0
dresser;1.0
rendre;7.0
importance;5.0
signale;2.0
tableau;3.0
figurent;1.0
principal;2.0
prenant;4.0
cour;7.0
cherchant;1.0
conséquent;3.0
distance;4.0
mouvement;9.0
général;12.0
prix;66.0
marché;32.0
permission;1.0
citation;3.0
indispensables;2.0
faire;48.0
toucher;2.0
doigt;1.0
conséquence;4.0
avilissement;2.0
inconnu;1.0
jusque-là;2.0
indication;2.0
laine;1.0
valaient;12.0
cocon;1.0
frai;5.0
suif;1.0
alcool;4.0
degré;1.0
sucre;2.0
blanc;21.0
valent;4.0
fécule;1.0
vinaigre;1.0
beurre;2.0
subi;1.0
variation;2.0
vin;10.0
comparaison;4.0
raison;16.0
étenduo;1.0
bercy;2.0
constatation;2.0
arrivons-nous;1.0
bordeaux;1.0
vieux;1.0
valait;5.0
vaut;7.0
muid;1.0
bourgogne;3.0
lieu;12.0
mâcon;1.0
touraine;1.0
enfin;6.0
prenons;1.0
midi;5.0
voyons;2.0
roussillon;1.0
narbonne;1.0
blé;21.0
également;3.0
récolte;7.0
impossible;6.0
moyenne;4.0
marche;2.0
comparant;1.0
vérité;7.0
bonne;4.0
mauvais;1.0
alternent;1.0
période;4.0
courte;2.0
arrive;7.0
quintal;2.0
descend;1.0
maintiennent;1.0
inférieur;4.0
dernier;10.0
trouve;7.0
voyez;7.0
rapide;2.0
énumération;1.0
chiffre;4.0
aride;2.0
justifié;2.0
affirmation;3.0
exceptionnelle;2.0
connais;1.0
guère;2.0
viande;2.0
relève;1.0
producteur;9.0
léger;1.0
fléchissement;1.0
droit;19.0
conclure;3.0
profit;9.0
verrons;2.0
instant;4.0
veut;12.0
calculer;1.0
savoir;11.0
préjudice;1.0
multiplier;2.0
production;37.0
année;11.0
unité;1.0
conclusion;7.0
vraiment;3.0
effrayante;1.0
total;3.0
recette;3.0
baissé;8.0
demi-milliard;1.0
industrie;9.0
pourrait;9.0
résister;3.0
tomber;1.0
faillite;1.0
pareille;5.0
situation;14.0
fallu;1.0
courage;2.0
esprit;8.0
épargne;2.0
puissance;2.0
travail;17.0
ajoute;6.0
attachement;1.0
invincible;1.0
agriculteur;35.0
terre;23.0
permettre;8.0
lutter;2.0
condition;17.0
désespéré;1.0
applaudissement;38.0
peine;6.0
tarif;9.0
douane;4.0
exclamation;8.0
banc;31.0
voir;6.0
résulte;6.0
viens;12.0
traversons;1.0
moment;9.0
caractère;2.0
exceptionnel;1.0
constater;9.0
époque;7.0
denrée;2.0
monde;17.0
presque;6.0
partielle;2.0
temporaires;1.0
portaient;1.0
nombre;42.0
limité;1.0
durée;2.0
-la;1.0
assiste;1.0
spectacle;2.0
prolongée;1.0
portant;3.0
ensemblé;1.0
connaissez;2.0
faut;32.0
remonter;1.0
tâcher;1.0
imputable;1.0
jamais;15.0
vue;10.0
avons;37.0
examiner;2.0
étudie;1.0
motif;1.0
seule;9.0
dangereux;3.0
matière;12.0
absolue;19.0
certainement;3.0
facteur;3.0
présence;1.0
efforcer;2.0
passer;2.0
revue;1.0
grand;47.0
ligne;2.0
apparaît;3.0
yeux;5.0
évolution;6.0
devrais;1.0
accomplie;1.0
moyen;45.0
transport;8.0
multiplicité;1.0
rapidité;2.0
opéré;1.0
abaissement;5.0
inévitable;3.0
autrefois;2.0
défense;10.0
existe;6.0
sorte;6.0
nivellement;2.0
forcément;4.0
bas;2.0
vertu;2.0
théorie;5.0
connue;2.0
vase;1.0
communicant;1.0
pays;31.0
produisent;2.0
meilleur;9.0
malheureusement;7.0
douteux;7.0
actuellement;1.0
coûte;1.0
transporter;1.0
tonne;1.0
new-york;1.0
havre;1.0
expédier;1.0
pari;4.0
marseille;1.0
suppression;9.0
agit;7.0
eût;1.0
suffit-elle;1.0
expliquer;3.0
signaler;1.0
part;26.0
appellerai;1.0
échange;1.0
internationaux;1.0
circulent;1.0
bout;1.0
exemple;7.0
prix-ont;1.0
considérablement;2.0
affecté;2.0
immense;4.0
variété;1.0
locaux;4.0
sortent;1.0
enceinte;2.0
concurrencer;1.0
subissent;1.0
influence;3.0
constatons;1.0
entraînés;1.0
rumeur;1.0
laissezmoi;1.0
prie;2.0
interrompu;1.0
demandons;3.0
simplement;9.0
concurrence;11.0
internationale;3.0
est-ce;8.0
pomme;1.0
atteinte;2.0
intérieure;5.0
permet;4.0
attribuer;3.0
décisive;1.0
fret;4.0
continuent;1.0
baisser;2.0
taux;2.0
ait;8.0
changé;1.0
assisté;1.0
pris;23.0
fin;6.0
contraire;16.0
sol;9.0
subit;1.0
espèce;1.0
arrêt;1.0
chercher;2.0
ailleurs;4.0
découvert;1.0
joue;2.0
rôle;6.0
surproduction;8.0
demandé;4.0
amené;1.0
industriel;14.0
mode;2.0
produire;4.0
indéfinie;2.0
construire;1.0
usine;2.0
autant;8.0
outillage;1.0
perfectionne;1.0
accroît;1.0
proportion;7.0
perfectionnement;1.0
opère;4.0
pareil;5.0
miracle;1.0
superficie;1.0
limitée;2.0
élever;2.0
rendement;7.0
au-delà;2.0
fixée;1.0
conduit;1.0
nie;1.0
considérer;1.0
proviennent;1.0
annexe;2.0
parvenu;3.0
sentir;1.0
chose;10.0
donner;11.0
explication;3.0
cherchons;3.0
vrai;9.0
statisticien;1.0
anglais;6.0
mathématique;1.0
étude;3.0
attentive;1.0
annuelle;1.0
augmenté;7.0
sensible;1.0
indéniable;1.0
suivre;2.0
augmentation;1.0
po-;1.0
pulation;1.0
loin;8.0
rencontrer;1.0
insuffisance;2.0
interna-;1.0
tional;1.0
consomme;1.0
vraie;2.0
faite;9.0
indiquer;4.0
surproducn;1.0
a-t-il;1.0
métion;1.0
attirer;1.0
attention;3.0
rite;1.0
silence;1.0
abri;2.0
contestation;1.0
fini;2.0
remarquer;3.0
servent;4.0
étalon;8.0
monétaire;4.0
argent;22.0
conservé;2.0
mérite;1.0
examen;1.0
affirmé;2.0
autorité;3.0
considérables;7.0
indiscutables;1.0
nommé;1.0
chargée;1.0
prononcer;6.0
éviter;2.0
permettrez;2.0
mettre;6.0
tiennent;1.0
décisives;1.0
dit;21.0
gold;1.0
and;1.0
silver;1.0
temps;10.0
produisait;3.0
angleterre;11.0
possède;2.0
inde;6.0
roupie;1.0
conservait;1.0
achat;1.0
demeuraient;1.0
ferme;3.0
ellemême;2.0
largement;1.0
relative;2.0
favorables;1.0
parviennent;1.0
équilibre;2.0
favorisé;2.0
dépens;2.0
manufacturier;3.0
atteint;2.0
ressource;3.0
change;1.0
vend;3.0
proportionnellement;1.0
ryot;1.0
resté;1.0
maintien;1.0
constituée;1.0
reçu;12.0
confirmation;1.0
formelle;1.0
consul;4.0
français;9.0
soutenue;1.0
notamment;7.0
jamieson;1.0
shang-haï;1.0
fameuse;1.0
brochure;1.0
europe;2.0
et-;1.0
asie;1.0
précisée;1.0
japon;1.0
klobukowski;1.0
niable;3.0
facile;2.0
trouver;6.0
gardé;1.0
haussé;1.0
privilège;2.0
frappe;2.0
libre;3.0
devenu;2.0
monnaie;4.0
acceptée;1.0
partout;4.0
devenait;1.0
simple;8.0
marchandise;3.0
évalués;1.0
hausser;1.0
quantité;2.0
sot;1.0
procurer;3.0
double;4.0
confie;1.0
contient;2.0
germe;1.0
veux;5.0
traiter;1.0
devine;1.0
aisément;1.0
mènerait;1.0
tjop;1.0
occasion;4.0
présentera;1.0
doute;7.0
rompre;1.0
lance;1.0
monométallistes;3.0
prêt;3.0
avantage;6.0
concession;6.0
voudront;2.0
accorderai;1.0
volontiers;1.0
saine;1.0
excellence;1.0
maniable;1.0
désirable;1.0
empêcher;7.0
million;12.0
humains;1.0
connaissent;2.0
commerce;6.0
veulent;5.0
face;6.0
hu-;1.0
main;6.0
reconnais;7.0
appartiennent;1.0
nation;10.0
puissantes;1.0
créancier;2.0
entier;2.0
imprudent;1.0
enivrer;1.0
puis-;1.0
sance;1.0
actuelle;4.0
mépriser;1.0
adver-;1.0
saires;1.0
adversaire;4.0
peuple;15.0
jeune;1.0
vigoureux;1.0
main-d;3.0
uvre;9.0
attendent;1.0
ingénieur;1.0
contremaître;1.0
déjà;13.0
offre;1.0
vendre;9.0
vil;1.0
sert;1.0
barrière;4.0
douanier;1.0
favorise;2.0
faudra;2.0
étonner;1.0
déplacement;2.0
détriment;3.0
fières;1.0
somme;20.0
impuissants;1.0
trancher;2.0
seuls;5.0
international;3.0
résoudre;9.0
sens;7.0
idée;13.0
prévaloir;1.0
oui;16.0
paraissent;2.0
croyons;8.0
devoir;7.0
habitude;5.0
abandonner;1.0
défendues;1.0
présentée;1.0
etatsunis;1.0
effort;12.0
diplomatique;1.0
auprès;3.0
voisin;2.0
rétablir;3.0
fixe;3.0
tenté;1.0
demandions;1.0
rétablissement;1.0
paraît;4.0
indispensable;3.0
bornions;1.0
réclamer;1.0
terme;4.0
anarchie;1.0
règne;1.0
jette;2.0
trouble;1.0
éprouve;3.0
embarra;1.0
réussi;3.0
démarche;1.0
regrette;1.0
produira;2.0
tard;2.0
convaincu;6.0
viendra;4.0
obligera;1.0
européen;1.0
envisager;1.0
problème;7.0
souhaite;2.0
humanité;12.0
souffre;4.0
nnécision;1.0
ajourne;2.0
cesse;4.0
importante;2.0
interruption;19.0
extrême;19.0
gauche;80.0
gouvernementale;2.0
parlez;4.0
tôt;1.0
aurez;3.0
entendu;4.0
verrez;3.0
attendrai;1.0
réponse;14.0
curiosité;4.0
ferez-vous;1.0
afficher;2.0
rire;6.0
peur;2.0
gérault-richard;13.0
refusez;1.0
pratiquez;1.0
revenir;2.0
pouvons;5.0
modifier;4.0
relever;13.0
atteindre;3.0
dépeindre;1.0
vendrait;1.0
trouverait;1.0
obligé;8.0
supporter;1.0
revient;17.0
écart;1.0
vente;14.0
allant;1.0
élargissant;1.0
évidemment;3.0
ruine;8.0
brève;1.0
échéance;1.0
intelligent;1.0
opérerait;1.0
côté;10.0
rechercherait;1.0
tâcherait;1.0
diminuer;7.0
exactement;1.0
devenant;1.0
terrain;5.0
poser;2.0
employer;5.0
ensuite;6.0
réduire;2.0
examinerons;1.0
aider;2.0
aborde;1.0
peut-elle;1.0
arriver;8.0
assurément;4.0
indiqué;4.0
parler;7.0
pèse;2.0
redoutable;1.0
sorti;1.0
régime;25.0
institué;4.0
fier;1.0
hésite;4.0
contribué;1.0
avènement;1.0
sache;2.0
longue;1.0
trouvent;2.0
insuffisant;4.0
aient;1.0
défendre;4.0
attaqué;1.0
sérieusement;2.0
pleinement;4.0
clarté;2.0
évidênce;1.0
marchait;1.0
sais;5.0
savez;8.0
continué;2.0
nouvelle;14.0
absorbé;1.0
luimême;5.0
utile;7.0
vuç;1.0
infiniment;1.0
continue;2.0
défendant;1.0
énergie;3.0
sauvegarde;1.0
relevant;1.0
insuffisants;1.0
pain;3.0
bruit;14.0
expliquerez;1.0
commentvous;1.0
pouvez;5.0
concilier;1.0
faudrait;7.0
pourtant;2.0
choisir;2.0
entendez;1.0
sacrifier;1.0
consommateur;10.0
laisse;2.0
supposer;2.0
expliqueznous;1.0
maintenir;3.0
attends;1.0
fassiez;1.0
démonstration;4.0
vextrême;35.0
bénéfice;2.0
intermédiaire;15.0
venir;9.0
amenez;1.0
spéculateur;9.0
légitime;3.0
garantie;3.0
élévation;2.0
excessive;1.0
songeons;1.0
porter;4.0
engendré;1.0
aille;1.0
exclusivement;1.0
surveiller;1.0
combattre;3.0
prouver;2.0
déclamer;1.0
vide;4.0
action;6.0
excessif;3.0
alimentation;5.0
échelon;1.0
reconnaître;2.0
proclamer;1.0
utilité;2.0
place;4.0
multiplient;1.0
excessives;2.0
étrange;2.0
avilis;1.0
paye;2.0
ironiques;2.0
beau;2.0
social;7.0
allez-vous;1.0
abus;7.0
coutume;1.0
enchaîuer;1.0
voulez;9.0
dise;1.0
semble;5.0
prou-;1.0
recule;2.0
objection;2.0
disais;1.0
prélèvement;1.0
convaincre;1.0
consulter;2.0
ministère;3.0
catégorie;5.0
renseignement;2.0
fournis;1.0
accuse;1.0
li;1.0
document;1.0
homme;21.0
employé;2.0
élevé;1.0
triste;1.0
retrouve;1.0
petit;32.0
journanaliers;1.0
propriétaire;10.0
disparu;3.0
campagne;10.0
constatais;1.0
regret;2.0
départ;1.0
émigré;1.0
ville;22.0
exercer;1.0
innombrables;1.0
croient;2.0
arracher;1.0
clientèle;3.0
vivre;1.0
voudraient;1.0
pouvaient;4.0
limiter;2.0
intervention;2.0
dépendent;2.0
public;4.0
dépend;8.0
portée;5.0
constituer;2.0
coopérative;10.0
consommation;4.0
créent;1.0
relation;1.0
directe;5.0
limitent;1.0
prétentfons;1.0
retrouveront;1.0
opéreront;1.0
perdent;1.0
gauthier;7.0
clagny;6.0
condamnation;1.0
mort;2.0
avez;35.0
classe;5.0
affectez;1.0
comprendre;2.0
contiennent;1.0
détruisent;1.0
régulateur;1.0
entrée;2.0
expérience;1.0
reposent;2.0
fruitière;2.0
fromager;2.0
rendent;1.0
service;6.0
région;2.0
portent;1.0
lait;2.0
établissement;6.0
forme;5.0
transforme;1.0
fromage;2.0
-fait;1.0
adresse;1.0
directement;6.0
organisation;16.0
maximum;1.0
espérer;2.0
supprimé;1.0
marchand;2.0
bietl;1.0
tentative;1.0
genre;2.0
rares;1.0
difficulté;4.0
recrutement;1.0
personnel;3.0
créé;1.0
boucherie;7.0
lyon;1.0
ouvertes;2.0
constaté;5.0
installation;1.0
immédiatement;1.0
bétail;4.0
tête;4.0
veau;1.0
mouton;1.0
nîmes;1.0
fondé;1.0
donné;8.0
avignon;1.0
constate;2.0
ouverture;1.0
centime;5.0
kilogramme;1.0
augmentait;1.0
salutaire;2.0
obtiennent;1.0
intéressant;1.0
profiter;2.0
repose;1.0
création;2.0
viticoles;1.0
installé;1.0
comptoir;1.0
naturel;7.0
henri;50.0
ricard;14.0
côte-d;12.0
parfaitement;5.0
application;4.0
coopération;1.0
socialisme;16.0
excellent;2.0
tâchez;1.0
comte;105.0
lanjuinais;10.0
etat;2.0
intervient;1.0
association;5.0
mis;4.0
remplir;1.0
législative;8.0
rapprocher;2.0
excellente;2.0
discutiez;1.0
honorable;12.0
disait;6.0
réclame;4.0
électorale;2.0
fasse;1.0
piège;2.0
paysan;13.0
considérons;1.0
boisson;4.0
hygiéniques;2.0
puisse;5.0
prendre;11.0
réelle;2.0
profitable;1.0
ouvrier;15.0
assure;3.0
sains;1.0
qualité;3.0
supprime;1.0
souvent;7.0
augmenter;3.0
justement;1.0
signalé;1.0
tribune;19.0
falsification;4.0
désastreuses;1.0
santé;2.0
constituent;1.0
supprimer;4.0
pratiquent;1.0
viticulture;1.0
vaste;2.0
débouché;2.0
rès;1.0
espère;6.0
votera;1.0
fera;6.0
aboutisse;2.0
parfaite;3.0
assuré-;1.0
ment;2.0
indéfiniment;1.0
fond;16.0
cherche;1.0
commode;1.0
statu;1.0
quo;1.0
ingénieux;1.0
poursuivi;1.0
politique;10.0
absolu;4.0
dégrèvement;8.0
partiel;1.0
impose;1.0
inacceptables;1.0
conserver;2.0
responsabilité;2.0
prendrons;1.0
faisons;1.0
guerre;2.0
passent;2.0
poursuivons;3.0
trouvées;1.0
vivons;1.0
science;3.0
rend;2.0
fraude;3.0
répète;7.0
artificiels;1.0
excellents;2.0
appliquée;1.0
fermeté;1.0
tribunal;1.0
montreront;1.0
sévères;1.0
pensée;7.0
réprimer;1.0
nuit;1.0
fort;5.0
intérieur;1.0
compromet;1.0
exportation;1.0
dépendait;1.0
pensé;2.0
améliorer;1.0
favoriser;1.0
écouler;1.0
ouvrant;1.0
large;3.0
colis;1.0
postaux;1.0
lokilogr;1.0
modeste;8.0
apparence;1.0
grâce;7.0
ménage;2.0
pourront;4.0
supprimés;1.0
approvisionner;1.0
étendra;1.0
culture;2.0
maraîcher;2.0
horticole;1.0
créées;1.0
très-bien;1.0
-où;1.0
pouvions;1.0
agir;1.0
-chemins;1.0
fer;1.0
estournelles;11.0
sévère;2.0
prétendait;1.0
pardon;4.0
langage;1.0
demandées;1.0
obtenues;1.0
compagnie;2.0
obtenu;2.0
fourrage;1.0
-des;1.0
engrais;4.0
nitrate;1.0
récemment;3.0
hausse;1.0
céréale;1.0
permettez-moi;5.0
résumer;1.0
exprimée;1.0
insuffisante;3.0
mettait;2.0
infériorité;1.0
évidente;1.0
concurrent;1.0
entraver;1.0
discusston;1.0
réserve;3.0
préciser;3.0
prochaine;4.0
budget;16.0
travaux;4.0
accepte;6.0
rendez-vous;1.0
montrera;1.0
voudrions;1.0
ignorez;1.0
aller;8.0
demander;5.0
accueillir;2.0
réclamation;3.0
trésor;1.0
persiste;1.0
coté-là;1.0
ajouter;7.0
rachat;1.0
canal;1.0
complète;3.0
série;2.0
et-importantes;1.0
facilité;1.0
rayon;1.0
département;2.0
combiné;1.0
donnant;1.0
dit-on;2.0
-il;1.0
profite;2.0
nrix;1.0
avilir;1.0
spéciale;2.0
choisit;1.0
plaît;2.0
avancer;2.0
retarder;1.0
volonté;2.0
besoin;23.0
permettent;2.0
mentd;1.0
attendre;5.0
fermier;1.0
gent;1.0
acquitter;1.0
fermage;1.0
rembourser;1.0
avance;5.0
toussaint;8.0
fallait;3.0
banque;6.0
gau-;1.0
che;1.0
paraissez;1.0
ignorer;1.0
suit;1.0
assistons;1.0
douloureux;1.0
jeter;1.0
absorber;1.0
niantité;1.0
ietée;1.0
arrive-t-il;1.0
jeu;2.0
achètent;1.0
masse;3.0
gàrdent;1.0
puis;7.0
existait;3.0
grenier;7.0
approche;1.0
critique;3.0
soudure;1.0
spéculation;5.0
réalisant;1.0
poursuivis;1.0
cultivateur;9.0
vendu;1.0
payé;1.0
manuel;1.0
parfait;2.0
draconiennes;1.0
arrivera;1.0
efficace;2.0
consiste;4.0
pourra;12.0
magasin;3.0
warrante;1.0
reçoit;2.0
favorable;1.0
réaliser;2.0
découverte;1.0
pouvait;5.0
opération;2.0
semblable;1.0
différence;1.0
songer;2.0
lourd;4.0
encombrants;1.0
nécessiteraient;1.0
onéreuses;1.0
absorberaient;1.0
collègue;11.0
delaunay;6.0
trouvé;1.0
autoriser;1.0
gage;2.0
saisi;1.0
supérieur;2.0
élaboré;1.0
complet;1.0
warrant;1.0
objet;1.0
assurance;8.0
conférence;1.0
déposer;9.0
votée;1.0
réalisée;1.0
refréner;1.0
empêchera;1.0
trouvez;2.0
trouvera;3.0
commencer;1.0
pratique;6.0
malsaine;1.0
pur;6.0
atteignent;1.0
vaudront;1.0
mieux;8.0
attaque;2.0
déclamation;1.0
creuses;1.0
apportez;1.0
effrayera;1.0
nullement;4.0
désespérer;1.0
relèvement;1.0
acquièrent;1.0
deviennent;1.0
commerçant;2.0
organiser;6.0
livrer;1.0
hasard;1.0
cherché;1.0
secours;6.0
aidant;1.0
abaisser;2.0
relevait;1.0
augmente;1.0
totale;1.0
hectare;2.0
recherche;1.0
diminution;9.0
peut-on;1.0
compose;1.0
oeuvre;1.0
géné-r;1.0
raux;1.0
dirai;1.0
songe;1.0
agriéoler;1.0
diminuant;1.0
maind;1.0
journalier;5.0
faible;1.0
fâcheux;1.0
varient;1.0
dépopulation;2.0
revanche;1.0
valet;1.0
domestique;2.0
faiblesse;1.0
varie;1.0
tendre;1.0
salaire;4.0
recherchons;1.0
payer;2.0
rappelleront;1.0
créez;2.0
valoir;1.0
créons;1.0
évident;2.0
prospère;2.0
miand;1.0
payera;1.0
travaillons;1.0
chapitre;3.0
important;1.0
impôt;23.0
pèsent;1.0
augmentent;2.0
secret;1.0
charge;4.0
fiscales;5.0
grèvent;1.0
représentent;2.0
refaire;1.0
revenu;16.0
minimum;1.0
gustave;20.0
rivet;9.0
davantage;4.0
fardeau;1.0
urgent;2.0
alléger;1.0
proclamé;3.0
cessé;1.0
rétablisse;1.0
mobilière;3.0
immobilière;3.0
autorisé;1.0
supplément;1.0
concours;1.0
foncier;2.0
nous-demandons;1.0
mobilières;1.0
taxe;4.0
supplémentaire;1.0
équiubre;1.0
restons;1.0
solide;2.0
placé;1.0
pous;1.0
tenu;1.0
contribution;1.0
fenêtre;1.0
remaniement;1.0
personnelle;1.0
contribuable;1.0
pour-;1.0
rons;1.0
mutation;2.0
traîne;1.0
boulet;1.0
maurice-faure;10.0
commen-;1.0
cer;1.0
urgente;1.0
tréveneuc;7.0
sérieux;2.0
berteaux;8.0
voter;5.0
pèserait;1.0
ruinerait;1.0
maintes;2.0
donnerait;1.0
inquisition;1.0
taxation;4.0
arbitraire;1.0
justice;8.0
élément;5.0
élevés;1.0
décroissent;1.0
compenser;1.0
dirige;1.0
persévérance;1.0
infatigable;1.0
pleine;4.0
thierry;9.0
cazes;8.0
reprochait;1.0
routinier;1.0
absolument;3.0
faux;1.0
preuve;3.0
initiative;4.0
progrès;17.0
allez;4.0
orientation;1.0
imposait;1.0
pousser;2.0
république;5.0
enseignement;4.0
pénètre;1.0
couche;1.0
profondes;1.0
guillemet;7.0
adressait;1.0
détail;2.0
faciles;1.0
permette;2.0
répondre;11.0
défend;1.0
lire;2.0
appréciation;1.0
compétents;1.0
constaterez;1.0
enseignementagricole;1.0
considérée;1.0
modèle;1.0
moimême;1.0
ménagé;1.0
éloge;1.0
ajouté;1.0
inefficace;1.0
développé;1.0
sommet;1.0
développer;2.0
démocratiser;1.0
suffisante;1.0
capital;27.0
entends;2.0
réponds;3.0
obtenir;1.0
gros;2.0
fournir;2.0
manqué;2.0
législation;1.0
précisément;8.0
syndicat;6.0
issus;1.0
croyait;1.0
enfanter;2.0
magnifique;1.0
entrés;1.0
hardies;1.0
juger;2.0
capables;1.0
commencé;4.0
modestement;1.0
bornés;1.0
origine;2.0
servir;2.0
fournisseur;1.0
semence;3.0
machine;1.0
merveilleux;1.0
provoqué;1.0
assuré;1.0
livraison;1.0
permis;5.0
timide;1.0
crédit;10.0
ébauche;1.0
vite;2.0
suffisait;1.0
organisé;2.0
fonctionner;1.0
transformer;3.0
mutuelle;4.0
sortir;2.0
croissant;1.0
arrêtées;1.0
disposer;1.0
opérer;2.0
champ;2.0
pro-;1.0
posé;1.0
accepté;1.0
mil-;1.0
lion;2.0
annuité;1.0
créés;1.0
convention;2.0
caisse;9.0
régionales;2.0
destinée;2.0
subventionner;1.0
locale;1.0
roulement;1.0
complément;2.0
essor;1.0
bientôt;1.0
bureau;4.0
êtes;6.0
contenter;1.0
dépendra;2.0
appel;1.0
législateur;1.0
tirer;1.0
conviction;3.0
opérera;1.0
résoudra;1.0
résolu;2.0
disparaître;1.0
antagonisme;1.0
apparent;1.0
mettant;2.0
pied;2.0
gaston;19.0
doumergue;7.0
ordinaire;1.0
voit;2.0
laissez;3.0
orateur;8.0
comprends;3.0
contrarie;1.0
tue;1.0
mettra;1.0
permettant;3.0
travailleur;30.0
intelligence;2.0
jouir;1.0
capitaliste;11.0
pplaudissements;1.0
bants;1.0
devait;2.0
naturellement;2.0
assurant;1.0
sécurité;3.0
grêle;2.0
mortalité;2.0
fonctionnement;1.0
impulsion;1.0
accélérer;1.0
mutuel;2.0
introduit;1.0
article;4.0
autorise;1.0
accident;2.0
subvention;1.0
espérons;1.0
susciter;1.0
encouragement;1.0
françois;18.0
deloncle;7.0
uvres;2.0
énumérer;1.0
commun;2.0
mutualité;6.0
abstrait;1.0
théorique;2.0
démontré;4.0
capable;1.0
arrêtera;1.0
deviner;1.0
reste;5.0
créer;3.0
assistance;2.0
hospice;1.0
retraite;1.0
attire;1.0
pourrait-il;1.0
autrement;2.0
savent;2.0
maladie;1.0
misère;6.0
vieillesse;1.0
sûrs;1.0
prête;1.0
sont-elles;1.0
exode;1.0
inverse;1.0
agitent;1.0
poursuivant;1.0
voix;12.0
prophète;1.0
apercevront;1.0
frère;1.0
union;2.0
fraternité;4.0
émanciper;1.0
arrête;1.0
saisir;2.0
comprenons;1.0
long;2.0
vousmêmes;1.0
détaillées;1.0
court;1.0
unique;1.0
formule;4.0
incontestable;1.0
répond;1.0
guérit;1.0
broder;1.0
thème;1.0
brillantes;1.0
luire;1.0
éblouies;1.0
aurore;1.0
admirable;1.0
injustice;1.0
avouons;1.0
humblement;1.0
possédons;1.0
baguette;1.0
magique;1.0
transformation;8.0
huma-;1.0
nité;1.0
lente;1.0
douloureuse;2.0
exigent;1.0
abnégation;1.0
voulons;5.0
reculer;1.0
essayons;1.0
coup;1.0
contentons;1.0
appliquant;2.0
indiqués;1.0
soulager;1.0
bien-;1.0
plan;1.0
méthodique;1.0
raisonné;1.0
législature;4.0
apporté;3.0
pierre;20.0
engagé;1.0
écarte;1.0
route;1.0
accumule;1.0
victorieusement;1.0
accompli;1.0
achevé;1.0
décrire;1.0
affronter;1.0
hardiment;2.0
jugement;5.0
demandant;2.0
plateau;1.0
balance;1.0
chimère;1.0
immenses;1.0
bienfait;1.0
constante;1.0
sollicitude;1.0
soutenons;1.0
défendons;1.0
amour;1.0
félicitation;1.0
soussigné;1.0
signée;5.0
charles;25.0
ferry;8.0
marchegay;7.0
lavertujon;7.0
lechevallier;8.0
périer;12.0
larsan;12.0
milochau;8.0
lebon;17.0
rose;7.0
amodru;10.0
lasserre;7.0
afïichage;1.0
impatience;1.0
majorité;20.0
apposer;1.0
ministériel;1.0
opposons;2.0
vote;36.0
répétés;1.0
per-;1.0
mettront;1.0
émotion;1.0
profonde;1.0
empare;1.0
parti;16.0
gouvernemental;1.0
propagande;2.0
dénégation;6.0
constatera;2.0
monté;1.0
exposer;1.0
ysanne;1.0
revendication;1.0
cru;2.0
rlnnew;1.0
souligner;1.0
confirmer;1.0
suivie;1.0
jous;1.0
dis-je;2.0
adojter;1.0
tactique;2.0
vient;8.0
affichée;1.0
village;2.0
parvenir;1.0
combattez;1.0
essayez;1.0
examinons;1.0
dis;10.0
jugez;1.0
honneur;5.0
ordonner;3.0
deville;29.0
avouez;1.0
préoccupation;1.0
croissante;1.0
ascensionnel;1.0
fatalité;2.0
voulant;1.0
servez;1.0
demain;1.0
métayer;1.0
constateront;1.0
débat;13.0
soulevé;1.0
chef;6.0
déplaît;1.0
signature;1.0
responsable;2.0
aveu;4.0
ayez;2.0
prétendu;1.0
nier;1.0
vivent;1.0
regard;2.0
détresse;1.0
avouer;1.0
affiche;1.0
néant;2.0
impuissance;3.0
protestation;4.0
réduit;3.0
sentant;1.0
inanité;1.0
aviez;1.0
ajourner;2.0
guérison;1.0
appelé;4.0
salut;2.0
bimétallisme;1.0
déclaré;3.0
significatif;1.0
heureux;3.0
témoignage;1.0
parvienne;1.0
limitation;1.0
pensons;1.0
préparons;1.0
bién;1.0
trouveront;2.0
défaut;1.0
existence;3.0
faites-vous;1.0
déclarez;1.0
apporter;3.0
soulagement;1.0
qtt;1.0
fondation;1.0
multiplication;2.0
vactè;1.0
disiez;1.0
propos;3.0
répétait;1.0
sufcltitution;1.0
boulangerie;1.0
boulangeâtes;1.0
ooopératives;1.0
boulanger;1.0
breeaniques;1.0
demaudez;1.0
substitution;1.0
actuelles;3.0
deschanell;1.0
malentendu;1.0
équivoque;6.0
nécessité;5.0
croit;3.0
conservateur;1.0
propre;4.0
danger;1.0
disparition;3.0
bourgeoisie;1.0
rempart;1.0
continuez;1.0
affichez;1.0
contradiction;2.0
incohérence;1.0
mets;7.0
tendant;5.0
fût;5.0
propose;6.0
conçue;1.0
soumise;2.0
clôture;4.0
prononcée;2.0
déposée;1.0
imprimée;1.0
distribuée;1.0
consulte;5.0
levet;10.0
thorel;11.0
morillot;10.0
lebret;10.0
bozérian;8.0
bertrand;8.0
villain;9.0
babaudlacroze;1.0
forni;7.0
goujon;15.0
ragot;10.0
ouvert;8.0
recueillis;6.0
dépouillement;12.0
votant;17.0
présenter;3.0
savant;1.0
leçon;2.0
collectivisme;4.0
entendue;1.0
accord;7.0
croire;5.0
éloquent;2.0
contribuer;1.0
répandre;1.0
plaignons;1.0
bornons;1.0
controverse;2.0
oiseuse;1.0
qûijpréàccupe;1.0
élection;1.0
devront;1.0
position;2.0
respectives;1.0
choisira;1.0
préconisée;1.0
clairement;3.0
résumé;1.0
etes-vous;3.0
nette;2.0
groupe;1.0
démocrate;3.0
chrétien;9.0
précurseur;1.0
cialisme;1.0
milieu;2.0
parlent;1.0
agissent;1.0
contrefacteur;1.0
accusation;1.0
préjugé;1.0
essayer;3.0
détruire;2.0
parviendrai;1.0
hostiles;1.0
facilement;2.0
réussir;1.0
proposent;2.0
régner;1.0
démocratie;4.0
liberté;10.0
bourgeois;19.0
vendée;7.0
posée;6.0
rit;2.0
répondu;1.0
collective;5.0
recueille;1.0
euxmêmes;2.0
fautdire;1.0
disant;1.0
nettement;5.0
répondent;1.0
familial;1.0
stimulant;2.0
désir;3.0
lendemairf;1.0
excitant;1.0
puissants;1.0
actif;1.0
dissiper;2.0
moderne;5.0
tend;3.0
partage;1.0
richesse;5.0
acquise;1.0
acquérir;1.0
nationalisation;8.0
socialisation;12.0
est-à-dire;1.0
appartiendront;1.0
individu;1.0
trompe;2.0
distinguent;1.0
devenus;3.0
capitalisés;8.0
utilisés;1.0
possèdent;1.0
collectivité;3.0
salarié;4.0
fabrique;1.0
commerciale;1.0
foncières;1.0
possesseur;2.0
utilisent;1.0
auxiliaire;1.0
disentils;1.0
immédiate;6.0
déclarent;1.0
respecteront;1.0
socia-;1.0
liste;6.0
prétendent;2.0
respecter;1.0
fa-;1.0
culté;1.0
aliéner;2.0
louer;2.0
laisser;3.0
héritage;2.0
véritablement;1.0
désirent;1.0
recherchent;1.0
prétends;1.0
manifeste;1.0
mpts;1.0
prétendre;2.0
enlèvera;1.0
faculté;2.0
tromper;2.0
estime;2.0
jouissance;4.0
précaire;1.0
réalité;8.0
déclarer;2.0
ouvertement;1.0
goujat;7.0
gabriel;23.0
inexact;1.0
prévoient;1.0
distinction;4.0
ingénieuse;1.0
réalisation;5.0
prévision;2.0
comprise;1.0
prévoyons;1.0
disparaîtra;2.0
réalisons;1.0
raisonnez;1.0
regardez;1.0
concentration;4.0
demandez;1.0
centralisés;1.0
prévoyez;1.0
établissez;1.0
anticapitaliste;1.0
contemporain;1.0
forment;1.0
ôôuls;1.0
vustinction;1.0
logique;1.0
entraînera;1.0
admets;1.0
veuillez;1.0
avancés;1.0
perruettez-moi;1.0
expression;2.0
révolutionnaire;3.0
laisseront-ils;1.0
subsister;1.0
assemblée;11.0
nationale;5.0
réunie;1.0
imitera;2.0
constituante;4.0
décrétera;2.0
procédé;6.0
légal;5.0
spolié;1.0
clergé;5.0
protestons;3.0
spoliation;5.0
égard;3.0
spoliée;1.0
décidé;2.0
ecclésiastique;1.0
appelez;1.0
ilpourra;1.0
future;6.0
restera;1.0
acceptons;2.0
ile;1.0
fut;2.0
vol;2.0
apporte;4.0
légitimité;1.0
venez;1.0
qauche;1.0
morale;1.0
prescription;1.0
prétendez;1.0
administration;1.0
procédera;1.0
oppose;3.0
admettent;2.0
assena;1.0
blée;1.0
légalement;1.0
agi;1.0
emparant;1.0
vois;2.0
soin;1.0
défendront;1.0
reprendre;1.0
raisonnement;2.0
opposais;1.0
quelques-uns;1.0
modéré;3.0
girondin;2.0
montagnard;1.0
pressé;1.0
contiendrez-vous;1.0
légalité;1.0
empêcherez-vous;1.0
recourir;1.0
violence;2.0
oubliez;1.0
guillotine;1.0
réserveront;1.0
laissez-moi;1.0
regarder;1.0
préalable;3.0
pose;3.0
serait-elle;2.0
organisée;2.0
puérile;2.0
promettez;4.0
sera-t-elle;5.0
siècle;1.0
paradis;3.0
attendons;1.0
vivrons;1.0
vie;5.0
croyez;1.0
fonctionnera;1.0
conduite;7.0
vis-à-vis;1.0
avoue;1.0
formation;3.0
devon;2.0
tenir;7.0
posais;1.0
attitude;2.0
prenez;1.0
favorisant;1.0
civilisation;3.0
serat-elle;2.0
donnez;1.0
ose;2.0
avis;3.0
opposé;1.0
prends;1.0
hostile;1.0
entrerai;1.0
laisserai;1.0
parlait;1.0
purement;2.0
deviendrait;2.0
manière;3.0
conceviez;2.0
servage;2.0
expliquez-la;1.0
voudrez;2.0
ouvrage;1.0
éprouvé;1.0
impression;1.0
bagne;1.0
forcé;1.0
vous-même;2.0
demandait;1.0
pénibles;1.0
répugnants;1.0
réquisition;4.0
armée;2.0
parlé;6.0
pis-aller;1.0
écarterait;1.0
machinisme;2.0
close;5.0
parlerai;1.0
tolérance;1.0
voulu;2.0
précédé;2.0
exposé;1.0
égal;1.0
donnera;1.0
satisfaction;3.0
prêtez;1.0
prononcées;1.0
acceptiez;1.0
démontrer;2.0
marchent;3.0
complètement;1.0
mesurer;3.0
indépendance;1.0
concevoir;1.0
rencontrera;1.0
aurons;1.0
système;7.0
bureaucratique;1.0
réglé;1.0
arbitrairement;1.0
rouage;1.0
assurer;7.0
garantir;4.0
généralité;1.0
fécondité;1.0
humain;1.0
surabondance;1.0
équité;1.0
répartition;6.0
crééz;1.0
utopie;1.0
fantaisie;1.0
littéraire;1.0
pourrez;3.0
pourrez-vous;5.0
restreindre;1.0
assouvis;1.0
pouvant;1.0
régler;3.0
guise;1.0
totalement;1.0
promesse;4.0
chimérique;2.0
méconnaît;2.0
gré;1.0
régulariser;1.0
réglementer;1.0
modérer;1.0
appétit;2.0
vaines;2.0
chimériques;1.0
josué;1.0
arrêterait;1.0
soleil;1.0
serions;1.0
arrêter;2.0
avion;1.0
gaz;1.0
électricité;1.0
gaüche;1.0
considération;1.0
supposez;1.0
sage;1.0
miroiter;1.0
mirage;1.0
aviver;1.0
surexciter;2.0
haine;1.0
coupable;1.0
imaginent;1.0
obstacle;2.0
terrestre;2.0
jourde;10.0
dieu;3.0
possible;7.0
éloignée;1.0
mâuvais;1.0
limez;1.0
solidarité;3.0
eîi;1.0
pltis;1.0
étroite;1.0
toiis;1.0
les-;1.0
dépendance;4.0
socialisassent;1.0
venait;1.0
socialiser;1.0
produirait;1.0
assisteriez;1.0
coalition;2.0
socialisés;1.0
déclarée;1.0
crains;1.0
résisterait;2.0
quarantaine;2.0
socialisé;2.0
arriverait;1.0
triompherait;1.0
triomphé;1.0
féodal;1.0
coalisé;1.0
conspiration;1.0
résisté;1.0
assaut;1.0
contre-révolution;1.0
lié;1.0
économiquement;1.0
fermaient;1.0
décrétée;1.0
repousse;3.0
leurre;1.0
promettent;1.0
capitalisme;5.0
compromettre;1.0
prévu;1.0
etfet;1.0
explique;1.0
entraîne;1.0
salariat;2.0
nécessairement;1.0
endurent;2.0
condamnerais;2.0
hésitation;1.0
parle;5.0
travaillerais;1.0
cte;1.0
dénoncé;1.0
dénoncés;2.0
encyclique;1.0
imméritées;1.0
sort;1.0
joug;1.0
servile;1.0
prolétaire;1.0
nou;1.0
velles;1.0
liane;1.0
protestions;1.0
protesté;1.0
prêcher;1.0
vivant;2.0
membre;4.0
précédent;3.0
croyais;2.0
inséparable;1.0
endure;1.0
ouvrière;2.0
ardemment;1.0
doctrine;6.0
prévenir;1.0
entièrement;1.0
inégalité;1.0
passion;1.0
voila;1.0
compter;3.0
imperfection;1.0
défaillance;1.0
fléau;1.0
inévitables;1.0
résume;1.0
idéal;2.0
définitif;1.0
définir;1.0
bien-être;3.0
privée;2.0
exploitation;1.0
source;1.0
essentiellement;1.0
équitable;4.0
développe;1.0
hâte;1.0
finir;1.0
borne;2.0
exprimer;1.0
demanderez;1.0
programme;4.0
immédiates;1.0
fàtiguée;1.0
resterai;1.0
parèzi;1.0
présent;4.0
remarqué;1.0
peutêtre;2.0
remarquée;1.0
parlement;4.0
occupent;1.0
inspirer;2.0
vextrèm;1.0
textuellement;1.0
tronquez;1.0
athée;1.0
christianisme;4.0
dogme;2.0
humaine;3.0
espérance;2.0
christ;2.0
fil;3.0
éternelles;1.0
divin;1.0
immortel;1.0
basly;7.0
catéchisme;2.0
église;1.0
flattent;1.0
théologie;1.0
respect;1.0
conscience;1.0
religieux;1.0
catholique;1.0
contrarier;1.0
féconde;1.0
civilisateur;1.0
eglise;1.0
michelin;6.0
gendre;7.0
turigny;7.0
leconte;7.0
bourrât;7.0
pajot;9.0
masson;7.0
compayré;6.0
isaac;7.0
louis;46.0
jourdan;13.0
casimir;1.0
lesage;8.0
césar-laîné;4.0
conçu;5.0
considérant;9.0
convient;2.0
provoquant;1.0
diffusion;1.0
foncière;1.0
conservation;4.0
accès;1.0
dégrevant;1.0
imoots;1.0
don-;1.0
nant;1.0
annuel;2.0
organisant;2.0
obligatoire;1.0
protégeant;1.0
intempérie;1.0
saison;1.0
passe;9.0
demandée;10.0
texte;6.0
invite;2.0
enquête;42.0
second;8.0
signé;2.0
convaincue;3.0
paix;1.0
prospérité;2.0
prio-;1.0
rité;1.0
formulé;1.0
désastreuse;2.0
résolue;8.0
faciliter;4.0
acquisition;5.0
national;6.0
observer;3.0
exclusif;2.0
trait;1.0
analogue;3.0
empire;3.0
poursuivre;1.0
établit;1.0
communiquée;1.0
interprétation;2.0
inutile;4.0
arithmétique;1.0
décroissance;1.0
essentielles;1.0
changement;1.0
exactitude;1.0
sincérité;2.0
approcher;1.0
intéressé;2.0
tont;1.0
agitation;3.0
ouverl;1.0
parais-;1.0
sez;1.0
rassurés;1.0
solidité;1.0
craindre;1.0
senti;1.0
intéressait;1.0
ave;1.0
publicité;1.0
adressez;1.0
permettez-lui;1.0
publiquement;3.0
exclure;1.0
serez;2.0
libres;2.0
appliqué;1.0
estimons;1.0
lumière;1.0
anglaise;2.0
borno;1.0
poursuit;2.0
permanente;4.0
attend;1.0
gérault;1.0
richard;8.0
donnez-lui;1.0
comprendrait;2.0
soumises;2.0
qut;1.0
institue;1.0
confusion;1.0
disposé;1.0
retirer;3.0
excédons;2.0
réglementaires;3.0
statuera;1.0
soumettre;2.0
procédant;1.0
qualifie;1.0
indiquent;2.0
direction;1.0
gouverne;1.0
entendent;1.0
pourraient;2.0
décision;1.0
contradictoires;1.0
semblait;1.0
jauiis;1.0
tte;1.0
chamre;1.0
décidait;1.0
faveur;7.0
dirait;1.0
considère;1.0
suffisamment;4.0
instruite;2.0
rapporte;1.0
indique;3.0
actuel;1.0
comporte;1.0
désire;2.0
apportée;1.0
exact;2.0
formuler;2.0
déroulé;1.0
formulera;1.0
adoptant;2.0
soumis;1.0
iour;1.0
insiste;2.0
procédure;2.0
formalité;2.0
enterrer;1.0
prendra;1.0
demanderons;1.0
ré-;2.0
clamerons;1.0
retirée;1.0
réclamée;2.0
armand;14.0
vouloir;1.0
accorder;3.0
minute;2.0
bienveillance;1.0
prêtre;2.0
agraire;1.0
écho;1.0
intelligents;1.0
sensés;1.0
séduire;1.0
illusoires;1.0
arrivaient;1.0
compromise;1.0
base;1.0
ébranlée;1.0
désillusion;2.0
séduction;1.0
retenir;1.0
éparpille;1.0
rabattre;1.0
espoir;1.0
montrerait;1.0
docile;1.0
éprouvera;1.0
cruelles;1.0
sagesse;1.0
rurales;1.0
salue;1.0
vaillance;1.0
labeur;1.0
tacticien;1.0
habile;1.0
effrayer;1.0
auditeur;1.0
présente;2.0
singulièrement;2.0
mitigé;1.0
éloigne;1.0
sensiblement;1.0
professées;1.0
sachant;1.0
profondément;1.0
attaché;2.0
cultive;1.0
lentement;1.0
progressivement;1.0
toutefois;1.0
éloquemment;1.0
commence;1.0
finit;1.0
succédé;1.0
servis;1.0
plaider;1.0
environs;1.0
lande;1.0
arides;1.0
improductives;1.0
consentent;1.0
illusion;1.0
entrer;2.0
niai;1.0
épanouirai;1.0
intransigeant;1.0
reconnue;1.0
exceptionnellement;1.0
admis;1.0
demeurerait;1.0
appât;1.0
électoral;1.0
tabac;1.0
rirps;1.0
culti-;1.0
vateurs;1.0
tomberont-ils;1.0
confiance;2.0
rectitude;1.0
ami;3.0
introduire;1.0
tyrannie;1.0
dépouilleront;1.0
père;1.0
accepter;2.0
admirateur;1.0
talent;1.0
implacable;1.0
aide;2.0
malheureuses;1.0
éprouvées;1.0
déplore;1.0
déclare;3.0
ramenant;1.0
arriverons;1.0
rêvez;1.0
diminuez;1.0
écrasent;1.0
renaîtra;1.0
puissent;1.0
rémunérateur;1.0
avantageusement;1.0
déclareront;1.0
satisfaits;1.0
atteindrons-nous;1.0
sultat;1.0
entente;1.0
scientifique;1.0
rêvent;1.0
so-;1.0
achèverait;1.0
mainmise;1.0
vigne;1.0
maison;1.0
franchise;1.0
breton;6.0
conspirez;1.0
démembrement;1.0
famille;4.0
foyer;2.0
agrandi;1.0
patrie;1.0
éparpillée;1.0
importa;1.0
rester;1.0
vague;2.0
émigration;1.0
hypothécaire;2.0
persiste-t-il;1.0
rallie;2.0
insiste-t-il;1.0
mande;1.0
déposé;6.0
désirerais;1.0
modifié;1.0
adjonction;6.0
fiscale;8.0
apercevez;1.0
caractérisent;1.0
parlez-vous;1.0
vou-;1.0
ion;1.0
progressif;7.0
fraction;1.0
tenon;3.0
manifester;1.0
sentiment;4.0
distinguer;1.0
défenseur;1.0
résolus;1.0
appartiens;1.0
désigné;1.0
visé;1.0
visée;1.0
dis-;1.0
impliquent;1.0
rédaction;3.0
conduisent;1.0
division;4.0
arrêterai;1.0
radical;2.0
réprouver;1.0
phrase;1.0
réprobation;1.0
endroit;1.0
pourriez;1.0
aise;1.0
restreint;1.0
lors;1.0
estil;1.0
modification;2.0
désirons;1.0
lusieurs;1.0
rené;14.0
goblet;7.0
partisan;3.0
déterminé;2.0
démentira;1.0
interprète;1.0
tvês;1.0
rang;2.0
aboutir;1.0
rappelle;2.0
précédemment;1.0
apljlaudisse-;1.0
ments;1.0
comprendrais;1.0
prononçât;2.0
consultée;2.0
formée;1.0
villaîn;1.0
genet;6.0
gruet;7.0
bourcytforni;1.0
crétaires;1.0
baudin;6.0
chauvière;7.0
coûtant;7.0
arthur;12.0
groussier;8.0
walter;8.0
affirmant;1.0
émancipation;1.0
anéantissement;1.0
instrument;1.0
commune;2.0
accordé;2.0
gérault-richardj;1.0
paragraphe;8.0
brice;13.0
duvau;8.0
drake;7.0
bansard;6.0
bois;6.0
mare;7.0
rigaud;7.0
prud;7.0
homme-havette;6.0
gervais;7.0
laniel;6.0
folleville;7.0
chaudey;7.0
maj;1.0
orité;1.0
connaît;3.0
proposées;1.0
consent;1.0
auteur;2.0
inconvénient;1.0
mettrai;1.0
proposerai;1.0
successivement;1.0
rends;1.0
hommage;1.0
intention;1.0
énuméré;1.0
comprennent;1.0
franc;9.0
craindrions;1.0
acceptant;1.0
naître;1.0
montrer;1.0
républicain;1.0
comprenais;1.0
deréformsslégislati;1.0
ves;1.0
exclu;1.0
présentant;1.0
agissait;1.0
déterminée;1.0
indiquez-le;1.0
-mais;1.0
entré;1.0
cuter;1.0
proposons;2.0
repoussé;1.0
conformément;6.0
antérieur;1.0
comprend;1.0
tiès;1.0
proposée;2.0
regrettons;1.0
quelquesuns;1.0
associer;1.0
formutes;1.0
sûr;1.0
unanimité;2.0
signifie;1.0
compteront;1.0
elva;7.0
précise;1.0
succession;2.0
présenté;1.0
sanction;1.0
introduise;1.0
vise;1.0
spécialement;1.0
financière;1.0
substitue;1.0
mathé;8.0
rabier;8.0
clapot;7.0
pétrot;7.0
vival;7.0
baulard;7.0
gacon;7.0
jacques;12.0
chenevaz;1.0
delmas;8.0
souhet;7.0
dé-;1.0
pouillement;1.0
passons;1.0
préviens;1.0
donnerai;1.0
signées;2.0
lre;4.0
rolland;7.0
chambige;7.0
leygue;7.0
beauquier;7.0
vacherie;7.0
lagnel;8.0
vigné;6.0
duvigneau;7.0
gasnier;8.0
rassure;1.0
rouvrir;1.0
indépendant;1.0
empêchés;1.0
abritera;1.0
voudra;1.0
voteront;1.0
décidés;1.0
objecté;1.0
argument;1.0
perpétuelle;2.0
méconnais;1.0
èsbienl;1.0
traversée;1.0
étendue;2.0
reconnaît;1.0
ruraux;1.0
proportionner;1.0
souffrons;1.0
réclamé;1.0
surpris;1.0
posthume;1.0
interrogés;1.0
interrogé;1.0
apportés;1.0
attendais;1.0
espérais;1.0
apporterait;1.0
fortement;2.0
motivé;1.0
développerait;1.0
expliquerait;1.0
entendait;1.0
dérobe;1.0
chauvin;8.0
étouffé;1.0
condamne;1.0
indiquées;1.0
éclairée;3.0
aussitôt;1.0
signifiant;1.0
bicti;1.0
échappe;1.0
étrangement;1.0
devenue;1.0
sceptique;1.0
abouti;1.0
remarque;1.0
travaille;1.0
poursuivait;2.0
renseigne;1.0
presse;2.0
contingent;1.0
statuer;1.0
précis;1.0
matériellement;1.0
proposez;1.0
apprendrait;1.0
répondra;1.0
consultez;1.0
grain;1.0
demil;1.0
dois;1.0
dérobé;2.0
longuement;1.0
sourire;1.0
polémique;1.0
çtait;1.0
voyez-vous;2.0
pratlaw;1.0
contenues;1.0
déférence;1.0
seriez;1.0
totalité;1.0
sûrement;1.0
renseigné;1.0
appelant;1.0
témoigner;1.0
nulle;1.0
branche;1.0
pays-là;1.0
directes;1.0
publiques;1.0
inutiles;1.0
dépasse;1.0
intensité;1.0
saurez;1.0
groupés;1.0
chiffrer;1.0
approximativement;1.0
dette;1.0
lorsqu;1.0
diront;1.0
interdit;1.0
a-t-on;1.0
gouvernant;1.0
comice;1.0
représentant;2.0
réclament;1.0
entendre;3.0
bâillonner;1.0
fermer;1.0
bouche;2.0
extrênte;1.0
formulez;1.0
inacceptable;1.0
incompréhensible;1.0
refuser;1.0
lenquête;1.0
rappeler;1.0
reconnût;1.0
surface;1.0
incomplètes;1.0
artificielles;1.0
restés;1.0
fidèle;1.0
prononce;1.0
ordonnée;2.0
ambdru;1.0
bourcy;7.0
defontaine;7.0
girodet;7.0
rouanet;6.0
majoriteabsolue;1.0
saisie;1.0
février;1.0
montfort;7.0
mufc;1.0
taire;1.0
renvoi;4.0
opposition;4.0
ordonné;3.0
bazille;7.0
imposer;1.0
résidant;1.0
militaire;2.0
renvoyée;2.0
inscription;2.0
lundi;2.0
fiscal;2.0
dénaturés;2.0
veut-elle;1.0
réunir;1.0
mardi;1.0
led;1.0
nommer;1.0
mensuelles;1.0
pétition;3.0
parlementaire;2.0
mar;1.0
ques;2.0
assentiment;1.0
châtellerauu;1.0
dinan;1.0
poullan;1.0
délibération;2.0
escanyé;4.0
juin;1.0
pension;1.0
civil;1.0
instruction;2.0
beaux-arts;1.0
poste;2.0
télégraphe;2.0
téléphone;1.0
feuilleton;1.0
fixé;1.0
décret;4.0
marine;10.0
ampliation;1.0
constitutionnelle;1.0
juillet;1.0
dispose;1.0
décrète;1.0
art;2.0
désignés;1.0
invalide;2.0
exercice;1.0
vice-amiral;1.0
sallandrouze;1.0
lamornaix;1.0
état-major;1.0
brigade;1.0
rocque;1.0
directeur;7.0
artillerie;1.0
contre-amiral;1.0
courrejolles;1.0
inspecteur;2.0
prigent;1.0
contrôle;1.0
construction;1.0
navale;1.0
thibaudier;1.0
matériel;1.0
semichon;1.0
comptabilité;1.0
durassier;1.0
capitaine;1.0
vaisseau;1.0
merciermousseaux;1.0
central;1.0
sous-marines;1.0
meunier;1.0
administrateur;1.0
chargé;1.0
exécution;1.0
félix;7.0
faure;7.0
besnard;1.0
acte;1.0
communication;1.0
inséré;1.0
archive;1.0
prorogation;2.0
surtaxe;8.0
pas-de-calais;1.0
bagnèresde-bigorre;1.0
hautes-pyrénées;4.0
nord;20.0
vosges;1.0
haute-vienne;1.0
imprimé;4.0
distribués;2.0
renvoyés;1.0
iles-sous-le-vent;1.0
dorrwine;1.0
distribué;2.0
renvoyé;2.0
finistère;2.0
levée;1.0
sténographique;1.0
alexandre;7.0
gaudet;1.0
pontallié;6.0
ille-et-vilaine;3.0
comité;1.0
fraternelle;1.0
ancien;1.0
blessé;1.0
réformé;1.0
domiciliés;1.0
fougère;1.0
gras;7.0
drôme;6.0
agent;1.0
montélimar;1.0
erratum;1.0
vendredi;1.0
page;1.0
colonne;1.0
avant-dernier;1.0
alinéa;2.0
donnons;1.0
possibilité;1.0
adam;6.0
achille;18.0
ailliêres;1.0
colonel;12.0
alasseur;6.0
alicot;5.0
alsace;6.0
prince;19.0
hénin;6.0
modru;1.0
arenberg;6.0
arène;6.0
emmanuel;6.0
armez;6.0
audiffred;3.0
auricoste;6.0
aynard;6.0
edouard;6.0
balsan;6.0
baron;48.0
maine-et-loire;4.0
barthou;6.0
bastid;6.0
adrien;18.0
batiot;6.0
baudry-d;1.0
asson;6.0
beauregard;11.0
bérard;10.0
ernest;18.0
rhône;6.0
berdoly;6.0
berger;6.0
berne-lagarde;4.0
bernis;6.0
biliais;5.0
bischoffsheim;6.0
bizarelli;5.0
edmond;11.0
haute-loire;6.0
boissy;6.0
anglas;6.0
bory;5.0
boucher;6.0
boudenoot;6.0
bouge;6.0
bougère;5.0
bourrillon;6.0
meurthe-et-moselle;5.0
ille-etvilaine;1.0
brincard;4.0
brindeau;6.0
broglie;6.0
brune;6.0
carnot;6.0
carpentier-risbourg;6.0
carquet;6.0
cassou;6.0
castillard;6.0
caussanel;6.0
chabrié;5.0
charles-dupuy;3.0
charles-roux;6.0
charme;6.0
francis;6.0
charruyer;6.0
chastenet;6.0
guillaume;6.0
chaulin-servinière;5.0
chavoix;6.0
chevallier;6.0
emile;35.0
christophle;5.0
albert;22.0
cibiel;6.0
clament;6.0
clément;5.0
clédou;6.0
coache;6.0
cochery;6.0
denys;7.0
seine;20.0
ngreyo;1.0
neso;1.0
codet;6.0
coget;6.0
constant;12.0
cosmao-dumenez;5.0
coudreuse;6.0
dansette;6.0
darlan;5.0
david;6.0
alban;6.0
decrais;6.0
dejean;6.0
etienne;12.0
delafosse;6.0
julesh;1.0
delombre;4.0
pauj;1.0
fran-i;1.0
çois;1.0
delpeuch;6.0
deluns-montaut;1.0
demarçay;6.0
derrien;6.0
deshayes;6.0
desjardins;6.0
develle;6.0
disleau;6.0
dorian;6.0
dubois;6.0
victor;6.0
dreux;6.0
ducos;4.0
dufaure;6.0
dupuy-dutemps;4.0
dupuytrem;5.0
dussaussoy;5.0
duval;6.0
eliez;1.0
evrard;1.0
jullien;6.0
ermant;6.0
fanien;6.0
farjon;6.0
firino;6.0
flandin;6.0
fleury-ravarin;4.0
flourens;5.0
bimorel;7.0
fornl;1.0
fould;6.0
fouquet;6.0
camille;24.0
gaillard;6.0
galpin;6.0
gamard;6.0
garnier;6.0
charente-inférieure;6.0
gautier;6.0
gauvin;6.0
gavini;12.0
gellé;6.0
gellibert;6.0
seguins;5.0
giguet;4.0
gillot;5.0
girard;6.0
goirand;6.0
gonidec;6.0
traissan;6.0
gotteron;6.0
julien;12.0
seineinférieure;1.0
théophile;5.0
gironde;11.0
gourvil;5.0
grandmaison;5.0
guérin;6.0
lieutenantcolonel;1.0
guignard;6.0
guillain;6.0
guillemaut;6.0
guillemin;6.0
hainsselin;6.0
halgouet;6.0
lieutenant-colonel;10.0
harriague;6.0
saint-martin;12.0
hayez;6.0
hémon;5.0
hen;1.0
rion;1.0
herbet;6.0
hugues;17.0
aisne;6.0
isambard;5.0
jacquemin;6.0
jobez;6.0
jonnart;6.0
jouffroy;5.0
abbans;5.0
juigné;5.0
jaluzot;5.0
jumel;6.0
kerjégu;6.0
krantz;6.0
labarthe;6.0
batut;6.0
bourdonnaye;5.0
vicomte;23.0
lachièze;6.0
ferronnays;6.0
marquis;12.0
lannelongue;6.0
lannes;6.0
montebello;6.0
noue;6.0
largentaye;5.0
rioust;6.0
rochefoucauld;6.0
duc;12.0
doudeauville;6.0
laroche-joubert;4.0
laroze;6.0
laurençon;6.0
laville;5.0
le-;1.0
baudy;1.0
andré;12.0
deux-sèvres;9.0
seine-inférieure;16.0
borgne;6.0
cerf;6.0
coupanec;6.0
lefifet;1.0
gavrian;6.0
léglise;6.0
legrand;12.0
manche;12.0
basses-pyrénées;6.0
lemercier;6.0
moigne;6.0
myre;6.0
vilers;5.0
lepez;6.0
leroy;13.0
arche;1.0
thur;1.0
troadec;6.0
lévis-mirepoix;5.0
leygues;6.0
lot-et-garonne;5.0
linard;5.0
loriot;6.0
lorois;6.0
loyer;6.0
mackau;6.0
malaussena;6.0
marcillat;6.0
marfan;6.0
marmottan;6.0
marty;6.0
maruéjouls;5.0
maurice-binder;6.0
mercier;6.0
haute-savoie;6.0
mézière;6.0
michau;6.0
michou;6.0
aube;6.0
montalembert;6.0
moret;6.0
léon;18.0
mougin;6.0
moustier;6.0
mun;6.0
munin-bourdin;4.0
néron-bancel;6.0
noël;6.0
odilon-barrot;6.0
oriol;5.0
ouvré;6.0
papelier;6.0
passy;6.0
paulmier;6.0
perrier;6.0
savoie;12.0
perrin;4.0
philipon;6.0
pichon;6.0
plichon;6.0
plissonnier;6.0
pochon;6.0
poincaré;6.0
raymond;12.0
pommeray;4.0
pontbriand;6.0
breil;6.0
pourteyron;5.0
prax-paris;4.0
quintaa;6.0
raiberti;5.0
rameau;6.0
ramel;6.0
rauline;5.0
réal;6.0
reboulin;6.0
regnault;6.0
reille;12.0
reinach;6.0
joseph;12.0
rémusat;6.0
renault-morlière;4.0
rev;1.0
aristide;6.0
isère;6.0
rey;11.0
lot;6.0
ribot;6.0
riotteau;6.0
roche;12.0
rohan;6.0
rotours;5.0
raoul;6.0
rouvier;6.0
rouvre;6.0
bourlon;5.0
rouzaud;6.0
rover;1.0
rozet;6.0
albin;6.0
saint-germain;6.0
saintquentin;4.0
sarrazin;6.0
saumande;5.0
sauzet;6.0
marc;6.0
savary;6.0
schneider;6.0
sentenac;6.0
serph;6.0
gusman;6.0
sicard;6.0
sirot-mallez;6.0
soland;5.0
sonnery-martin;5.0
surchamp;6.0
tailliandier;5.0
theulier;5.0
delanoue;1.0
thomson;6.0
thonion;6.0
thonnard;6.0
temple;6.0
thoulouse;6.0
tiphaine;6.0
trannoy;5.0
trélat;6.0
turrel;6.0
adolphe;6.0
vacher;6.0
viellard;6.0
viger;5.0
viox;6.0
yogeli;1.0
vogiié;1.0
mel-;1.0
chior;1.0
weil-mallez;4.0
wignacourt;6.0
witt;6.0
conrad;6.0
toté;1.0
chiché;5.0
faberot;6.0
girault;6.0
paulin-méry;5.0
abel;6.0
argeliès;6.0
augé;5.0
bachimont;5.0
balandreau;6.0
bouches-dii;1.0
-rhône;1.0
baudon;6.0
oise;6.0
bizot;6.0
bizouard-bert;5.0
bonard;6.0
bontemps;6.0
bony-cisternes;6.0
jura;6.0
marne;6.0
bovier-lapierre;2.0
boyer;6.0
antide;6.0
boysset;6.0
brunet;6.0
calvinhac;6.0
carnaud;6.0
cavaignac;4.0
godefroy;6.0
caze;6.0
haute;2.0
garonne;1.0
gers;6.0
césar-lainé;1.0
chamerlat;6.0
chandioux;6.0
chantelauze;6.0
chapuis;5.0
charonnat;6.0
charpentier;6.0
chassaing;6.0
chenavaz;6.0
chevillon;6.0
cluseret;6.0
cornet;6.0
cornudet;6.0
couturier;5.0
crémieux;6.0
dauzon;6.0
decker-david;5.0
defumade;5.0
delanne;5.0
delarue;6.0
deibet;1.0
denêcheau;6.0
deproge;6.0
derveloy;6.0
dindeau;6.0
dron;6.0
dunaime;6.0
dutreix;6.0
alfred;18.0
fiquet;6.0
eorciou;1.0
francoul;1.0
fitébault;1.0
gaussorgues;5.0
frédéric;6.0
genoux-prachée;5.0
gérard;4.0
gerville-réache;6.0
gévelot;6.0
goussot;6.0
grousset;6.0
paschal;6.0
guieysse;6.0
hennard;6.0
hubbard;6.0
basses-alpes;5.0
clovis;6.0
humbert;5.0
isambert;6.0
jouart;6.0
jouffray;6.0
var;6.0
lozère;6.0
labussière;5.0
lacôte;5.0
lacretelle;6.0
lacroix;6.0
bouches-du-rhône;7.0
lamendin;6.0
laporte;6.0
nièvre;5.0
lavy;6.0
clec;6.0
moign;6.0
côtes-;1.0
du-nord;1.0
senne;6.0
leveillé;5.0
haute-garonne;10.0
lockroy;6.0
loup;6.0
magnien;6.0
malzac;6.0
mandeville;5.0
maret;6.0
mas;6.0
merlou;5.0
mesureur;6.0
mirman;6.0
montaut;6.0
seine-et-marne;5.0
morlot;6.0
naquet;6.0
ornano;6.0
cuneo;6.0
pams;6.0
pédebidou;6.0
pelletan;6.0
pierre-alype;5.0
poupin;6.0
fernand;5.0
rajon;6.0
claude;6.0
rispal;6.0
rousse;6.0
ruau;6.0
rubillard;5.0
salis;6.0
sarrien;6.0
sauvanet;6.0
sembat;4.0
sever;6.0
trouillot;6.0
vau;6.0
villejean;6.0
wilson;6.0
retenus;11.0
crosbonnel;1.0
lhopiteau;6.0
mougeot;6.0
panama;5.0
ain;6.0
denis;6.0
gard;6.0
guyot-dessaigne;6.0
huguet;6.0
luce;6.0
casabianca;5.0
martin;6.0
bienvenu;6.0
samary;6.0
vallé;5.0
viviani;5.0
absent;6.0
arnous;6.0
bascou;6.0
bourlier;5.0
castelin;6.0
chautemps;6.0
couchard;6.0
cousin;6.0
elie;6.0
delcassé;6.0
descubes;5.0
dumas;6.0
euzière;5.0
fournol;6.0
sébastien;6.0
lacombe;6.0
lascombes;6.0
lasteyrie;5.0
hérissé;6.0
lemire;6.0
eure;6.0
leteurtre;6.0
levecque;6.0
mahy;6.0
mielvacque;6.0
lacour;6.0
saint;7.0
tardif;5.0
vichot;6.0
vidal;6.0
sainturbain;3.0
villiers;6.0
marcelhabert;1.0
interpellationde;1.0
aillières;3.0
baudry;4.0
bovler;1.0
lapierre;1.0
cha;1.0
crogbonnel;1.0
delbet;5.0
forcioli;5.0
frébault;5.0
leveille;1.0
merloij;1.0
comté;1.0
alicof;1.0
bansarddes;1.0
berne-la;1.0
garde;1.0
illeet-vilaine;2.0
rrincard;1.0
mile;1.0
deluns-montaud;5.0
duce;1.0
dupaytrem;1.0
eliez-evrard;5.0
allyé;1.0
fleuryravarin;1.0
franconie;5.0
pruet;1.0
bémon;1.0
henrion;4.0
fvicomte;1.0
laroche;1.0
joubert;1.0
lebaudy;5.0
leffet;5.0
côtesdu-nord;3.0
lévis;1.0
mirepoix;1.0
milîion;1.0
poinmeray;1.0
homme-;1.0
ilavette;1.0
renault-mor;1.0
ère;1.0
roùanet;1.0
rôyer;1.0
thierry-delanoue;5.0
vogeli;5.0
rard;3.0
bréton;1.0
cavaignaç;1.0
chabriê;1.0
albeft;1.0
cotitujier;1.0
gutave;1.0
hurnbèrt;1.0
bouches-durhône;2.0
lapôrte;1.0
muninbourdin;1.0
vogué;3.0
melchior;5.0
vallée;1.0
bràud;2.0
desctibes;1.0
lasteyne;1.0
saint-;1.0
rbain;1.0
annoncés;5.0
vérification;5.0
rectifiés;5.0
ci-dessus;1.0
radoption;1.0
ailliéres;1.0
comted;1.0
diffred;1.0
baçhlmont;1.0
maine-etloire;1.0
hautes-ptrénées;1.0
drame;1.0
meurtheet-moselle;1.0
cosmaodumenez;1.0
cros-bonnel;3.0
dujardin-beau-;1.0
-meftz;1.0
dupuydutemps;1.0
escanyë;1.0
folle-;1.0
îsambard;1.0
bourdonnave;1.0
deuxsèvres;3.0
lot-etgaronne;1.0
linatd;1.0
mandéville;1.0
mauricefaure;2.0
pommerav;1.0
praxparis;2.0
royer;4.0
quentin;1.0
debeauregard;1.0
sonnerv-martin;1.0
vogüé;1.0
rouches-du-rhône;1.0
eaudin;1.0
embat;1.0
compayrê;1.0
labus;1.0
vre;1.0
lacôtel;1.0
retenu;1.0
tardif-;1.0
ci-;1.0
additionnelle;1.0
bovierlapierre;2.0
couvba;1.0
gaussjorgues;1.0
genou;1.0
prachée;1.0
héraultrichard;1.0
gigubt;1.0
éïllot;1.0
bouches-dnrhône;1.0
fièvre;1.0
micihelin;1.0
seine-etmarne;1.0
sem;1.0
bat;1.0
vivianl;1.0
auditfred;1.0
maineet-loire;1.0
pyrénées;1.0
brîncard;1.0
charlesdupuy;2.0
christophie;1.0
aibert;1.0
julej;1.0
dupuy-dùtemps;1.0
escanyê;1.0
ferrj;1.0
fleury-rava;1.0
rin;1.0
fornt;1.0
sesuins;1.0
gé-;1.0
théo;1.0
phile;1.0
lieutenant-colonot;1.0
henrioa;1.0
joufflroy;1.0
abbé;1.0
comt;1.0
juignô;1.0
hie;1.0
jaluiot;1.0
lville;1.0
marrtnon;1.0
orioï;1.0
renault-morliére;1.0
tréyeneuc;1.0
flourefis;1.0
perri;1.0
toutallié;1.0
tfjkeulier;1.0
figer;1.0
vol-mallil;1.0
euziêre;1.0
saint-urbain;2.0
cidessus;3.0
scftut;1.0
vensemble;1.0
audiftred;1.0
biliiis;1.0
borv;1.0
bougére;1.0
césar-lalné;2.0
chatllin-servinlère;1.0
decker-davld;1.0
delaunav;1.0
dolombre;1.0
genêt;1.0
larochejoubert;1.0
côtes-du-nord;2.0
comtede;1.0
casablanca;1.0
pernn;1.0
raibertl;1.0
côted;2.0
saintquentia;1.0
sau-;1.0
nande;1.0
solarid;1.0
tailliimdier;1.0
jeante;1.0
bizouardbert;1.0
declagny;1.0
goulat;1.0
hutu;1.0
jouran;1.0
vignê;1.0
panamdi;1.0
bour-;1.0
lier;1.0
pou;1.0
hautegaronne;1.0
êhauvière;1.0
paulin-mérv;1.0
pierrealype;1.0
contrh;1.0
ailiières;1.0
dli;1.0
baudry-;1.0
berne-lagàrde;1.0
zarelli;1.0
edthond;1.0
hautes-pyrê;1.0
nées;1.0
boun;1.0
geois;1.0
bovierr;1.0
lapierro;1.0
llle-et-vilaine;1.0
vaignac;1.0
charle;1.0
dupuy;1.0
clé;1.0
darjan;1.0
delànne;1.0
delombré;1.0
chanel;1.0
juras;1.0
jacî-;1.0
deg;1.0
gérarçj;1.0
liironaej;1.0
uourvu;1.0
liranamalson;1.0
tiraux;1.0
devilers;1.0
maruéj;1.0
ouls;1.0
mil;1.0
munin-bourdm;1.0
pourleyron;1.0
raulfne;1.0
bourlonde;1.0
vogue;1.0
weil-malle;1.0
augê;1.0
defumàde;1.0
dujardinbeaumetz;1.0
dnssaussoy;1.0
estourneues;1.0
gign;1.0
dôffité;1.0
bâssés-alpes;1.0
largentayé;1.0
ferna;1.0
rubillam;1.0
trànnoy;1.0
cros-bonnèl;1.0
amendement;1.0
âvoir;1.0
