;1898-01-20
chambre;142.0
député;15.0
législ;1.0
session;9.0
ordinaire;5.0
compte;7.0
rendu;6.0
extenso;1.0
séance;34.0
jeudi;2.0
janvier;12.0
sommaire;2.0
procès-verbal;6.0
leveillé;7.0
excuse;6.0
demande;85.0
congé;18.0
dépôt;13.0
ministre;48.0
intérieur;5.0
projet;64.0
loi;256.0
portant;10.0
ouverture;2.0
exercice;16.0
crédit;30.0
provisoire;4.0
secours;8.0
victime;9.0
disette;2.0
algérie;12.0
communication;9.0
décret;13.0
président;147.0
république;7.0
désignant;2.0
commissaire;7.0
gouvernement;49.0
assister;7.0
colonie;11.0
discussion;62.0
fixation;9.0
budget;90.0
général;20.0
recette;6.0
dépense;24.0
prise;10.0
considération;10.0
proposition;46.0
résolution;8.0
paul;14.0
vigné;6.0
tendant;11.0
faire;66.0
organiser;2.0
exposition;2.0
section;4.0
université;3.0
grand;39.0
école;11.0
science;4.0
lettre;4.0
déclaration;12.0
urgence;13.0
adoption;20.0
adopté;36.0
sénat;24.0
objet;14.0
conférer;3.0
électorat;3.0
femme;4.0
élection;2.0
tribunal;59.0
commerce;12.0
suite;24.0
justice;123.0
charruyer;15.0
garde;160.0
sceau;160.0
pourquery;38.0
boisserin;37.0
jaurès;21.0
renault-morlière;6.0
rapporteur;62.0
rejet;1.0
scrutin;20.0
chapitre;44.0
chap;31.0
cour;54.0
assise;60.0
julien;15.0
goujon;24.0
instance;19.0
amendement;42.0
non-prise;1.0
paix;99.0
thierry;35.0
cazes;35.0
retrait;2.0
alexandre;7.0
berard;1.0
ain;2.0
brindeau;12.0
jourde;7.0
frai;33.0
criminelle;20.0
france;27.0
marcel;22.0
ha-;1.0
bert;1.0
imprévues;2.0
gérault-richard;9.0
gabriel;16.0
deville;10.0
géraultrichard;1.0
bis;3.0
interpellation;11.0
adressée;1.0
coutant;2.0
non-intervention;2.0
auprès;3.0
compagnie;3.0
chemin;17.0
fer;15.0
obliger;3.0
délivrer;2.0
billet;3.0
quart;2.0
place;12.0
militaire;2.0
marin;2.0
voyagent;2.0
limité;3.0
permission;9.0
tarif;8.0
homologués;2.0
actuellement;5.0
vigueur;4.0
voyageur;2.0
civil;10.0
règlement;7.0
ordre;41.0
jour;67.0
habert;23.0
delombre;4.0
dufaure;5.0
industrie;3.0
poste;14.0
télégraphe;3.0
autorisation;3.0
montpellier;3.0
contracter;8.0
vue;13.0
fondation;2.0
supérieur;4.0
emprunt;8.0
garanti;2.0
imposition;3.0
extraordinaire;5.0
additionnelle;2.0
contribution;2.0
patente;3.0
intérêt;30.0
local;6.0
département;29.0
hautes-alpes;3.0
ariège;2.0
corse;2.0
drôme;4.0
lande;2.0
duvar;1.0
ville;31.0
amiens;2.0
fougère;2.0
marseille;1.0
commune;2.0
guerchy;2.0
yonne;2.0
argeliès;5.0
nom;18.0
commission;81.0
rapport;22.0
sathonay;2.0
trévoux;2.0
ploudalmézeau;2.0
portsall;2.0
lannilis;2.0
laberwrach;2.0
boudenoot;4.0
supplémentaire;5.0
ministère;20.0
guerre;6.0
lasteyrie;4.0
guillain;4.0
achille;8.0
adam;4.0
compléter;2.0
article;24.0
décembre;7.0
relative;9.0
droit;59.0
quai;2.0
chassaing;5.0
organisation;12.0
représentation;3.0
proportionnelle;2.0
démolition;2.0
mur;2.0
enceinte;2.0
pari;18.0
périmètre;2.0
réfection;2.0
camp;2.0
retranché;2.0
dejeante;4.0
modifier;17.0
code;17.0
pénal;2.0
présidence;6.0
deschanel;3.0
vice-président;1.0
ouverte;2.0
henry;7.0
cochin;5.0
secrétaire;6.0
donne;6.0
lecture;11.0
mardi;1.0
jules;26.0
rectification;3.0
porte;7.0
colonne;1.0
journal;6.0
officiel;3.0
page;1.0
li;1.0
plain;2.0
crois;23.0
tort;5.0
raison;25.0
point;37.0
légal;5.0
phrase;2.0
lancé;1.0
interruption;7.0
mal;6.0
entendue;2.0
sténographe;1.0
reproduite;1.0
dénaturer;1.0
pensée;3.0
répondre;19.0
strict;1.0
dit;34.0
contraire;17.0
strictement;1.0
mesure;14.0
recommandais;1.0
prendre;13.0
anticipation;2.0
départ;1.0
relégables;1.0
expressément;2.0
permise;1.0
meilleur;7.0
intelligente;1.0
ordonnée;5.0
observation;20.0
dumas;2.0
pouvoir;18.0
jouart;3.0
levecque;4.0
modeste;9.0
leroy;6.0
ermant;4.0
excusent;1.0
demandent;2.0
renvoyées;1.0
reçu;13.0
minw;1.0
tre;2.0
imprimé;4.0
distribué;2.0
opposition;13.0
renvoyé;3.0
assentiment;8.0
commissaibb;1.0
nistre;1.0
ampliation;1.0
décrtit;1.0
français;15.0
paragraphe;2.0
constitutionnelle;1.0
juillet;5.0
rap;1.0
port;1.0
public;12.0
dispose;2.0
désignés;1.0
déterminé;3.0
cole;1.0
nies;1.0
décrète;1.0
art;2.0
désigné;1.0
qualité;7.0
vasselle;1.0
sous-directeur;1.0
chargé;4.0
intérim;1.0
direction;1.0
affaire;32.0
asie;2.0
amérique;1.0
océanie;2.0
exécution;3.0
présent;3.0
félix;3.0
faurb;1.0
andré;5.0
lebon;4.0
acte;16.0
donné;7.0
doat;1.0
vient;14.0
entendre;3.0
inséré;1.0
prccès-verbal;1.0
déposé;21.0
archivel;1.0
propositïob;1.0
appelle;8.0
conclut;1.0
encoasidération;1.0
mets;11.0
voix;21.0
conclusion;3.0
vouloir;13.0
déclarer;8.0
mets-l;1.0
déclarée;2.0
lre;7.0
délibération;14.0
élecuon;1.0
batut;3.0
accord;16.0
consulte;3.0
générale;24.0
question;98.0
savoir;9.0
entend;2.0
passer;7.0
unique;5.0
décide;1.0
passe;6.0
complété;1.0
disposition;8.0
remplissent;1.0
condition;17.0
énoncées;1.0
précéts;1.0
serônt;1.0
inscrit;11.0
liste;4.0
électorale;1.0
manmoins;1.0
pourront;1.0
appelé;8.0
partie;10.0
mis;8.0
fufte;1.0
Monsieur;70.0
demandé;10.0
exprimer;3.0
regret;4.0
émettre;3.0
espère;7.0
entendu;7.0
regrette;3.0
permette;3.0
inscrire;7.0
destinés;1.0
indemniser;1.0
injustement;6.0
accusé;18.0
poursuivies;3.0
préjudice;6.0
éprouvé;1.0
détention;7.0
préventive;5.0
privation;6.0
momentanée;1.0
moyen;15.0
existénce;1.0
viens;13.0
tribune;26.0
lacune;3.0
regrettable;2.0
prochainement;4.0
comblée;1.0
heureux;10.0
initiative;5.0
estime;8.0
réforme;32.0
imnose;1.0
mérite;5.0
fixer;2.0
attention;9.0
votée;14.0
dernier;29.0
législature;18.0
incorporée;1.0
revision;6.0
procès;4.0
criminel;9.0
indemnité;28.0
erreur;18.0
judiciaires;3.0
agi;4.0
instigation;2.0
bovier-lapierre;3.0
ramel;3.0
pontois;1.0
est-àdire;1.0
appartenant;1.0
paras;1.0
opposé;2.0
épient;1.0
trouvés;1.0
réunis;1.0
circonstance;11.0
sentiment;4.0
humanité;7.0
effort;3.0
énergiques;1.0
éminent;1.0
honorable;32.0
bérenger;7.0
haute;6.0
tronqua;1.0
assemblée;6.0
limitant;1.0
dommages-intérêts;4.0
seules;4.0
est-à-dire;9.0
condamné;9.0
obtenaient;1.0
établissaient;1.0
innocence;4.0
obtenir;4.0
poursuivie;3.0
subi;2.0
semaine;4.0
parfois;6.0
saurait;4.0
revendiquer;1.0
réparation;11.0
matérielle;6.0
nature;7.0
cas;17.0
réparer;4.0
inégalité;5.0
persuadé;2.0
exemple;10.0
poursuite;8.0
injustifiées;1.0
produit;4.0
année;23.0
notamment;4.0
motivé;2.0
inter;1.0
pellations;1.0
veut;11.0
pourra;13.0
aisément;2.0
triompher;1.0
crainte;4.0
scrupule;3.0
résistance;1.0
but;10.0
voulu;9.0
réserve;7.0
exposé;4.0
motif;3.0
application;10.0
homme;21.0
privé;2.0
liberté;12.0
arraché;3.0
travail;9.0
subit;1.0
pécuniaire;3.0
souvent;11.0
amène;2.0
misère;4.0
foyer;2.0
consomme;1.0
ruine;2.0
justifie;1.0
imputable;1.0
faute;5.0
imprudence;1.0
conséquence;11.0
fatale;3.0
action;8.0
prescrite;2.0
défense;12.0
société;18.0
grave;8.0
infligé;1.0
membre;4.0
estce;1.0
devoir;18.0
étroit;1.0
rappelais;1.0
ensuite;4.0
financière;6.0
matière;12.0
non-lieu;5.0
acquittement;6.0
entrée;1.0
déjà;23.0
législation;3.0
étranger;7.0
mexique;1.0
canton;17.0
suisse;1.0
suède;1.0
danemark;1.0
ajoutais;1.0
expliquer;3.0
acceptée;1.0
expérimentée;1.0
pays;20.0
monarchiques;1.0
roi;2.0
louis;19.0
xvi;2.0
commencé;1.0
réaliser;6.0
monarchique;2.0
serait;35.0
irréalisable;1.0
dangereuse;7.0
républicain;3.0
demander;13.0
donner;28.0
appui;1.0
pris;16.0
instruction;23.0
accepté;6.0
principe;19.0
dépend;2.0
assurer;9.0
succès;2.0
spécialement;2.0
cès;1.0
intervention;3.0
utile;5.0
actuelle;2.0
trouverait;2.0
majorité;11.0
rejeter;2.0
précédente;2.0
admissible;2.0
cause;7.0
autrui;1.0
dommage;4.0
oblige;2.0
arrivé;2.0
rigoureusement;1.0
applicable;2.0
citoyen;10.0
cesse;1.0
bloc;1.0
etat;11.0
apparaître;1.0
commun;2.0
est-il;3.0
fondé;3.0
soustraire;2.0
pense;4.0
côté;9.0
ailleurs;11.0
répond;3.0
presse;3.0
opinion;20.0
indigne;2.0
chose;15.0
lisais;1.0
dernièrement;1.0
eclair;1.0
plume;1.0
emmanuel;4.0
arène;4.0
ironiquement;2.0
intitulé;1.0
doux;1.0
ligne;3.0
yeux;3.0
tué;1.0
moralement;1.0
jeté;1.0
prison;4.0
fermer;1.0
fera-t-on;1.0
dédommager;1.0
situation;36.0
vraiment-bizarre;1.0
aurait;16.0
mieux;9.0
valu;1.0
eussent;1.0
eût;4.0
envoyé;3.0
travaux;4.0
forcé;1.0
juciaire;1.0
manifeste;2.0
fini;5.0
inventer;1.0
sorte;16.0
on-donne;1.0
innocent;4.0
reviennent;1.0
bagne;1.0
faut;37.0
rentrer;4.0
tiré;1.0
marché;2.0
remerciant;1.0
excellents;2.0
juge;111.0
poussé;1.0
loin;10.0
plaisanterie;1.0
malheureux;5.0
imputés;1.0
crime;7.0
tueur;1.0
berger;4.0
reconnaissants;2.0
honnête;1.0
assassin;1.0
consenti;1.0
reconnaître;9.0
coupable;5.0
obligeait;2.0
prends;2.0
publiciste;2.0
nuance;2.0
avancée;1.0
rédacteur;3.0
dépêche;2.0
extrais;1.0
commentaire;1.0
interview;1.0
bannier;2.0
commis;6.0
vacher;3.0
exprime;6.0
pauvre;4.0
naïveté;1.0
instrument;2.0
martyrisé;1.0
éclatait;1.0
devait;6.0
peut-être;12.0
compensation;1.0
indemnisation;1.0
perte;2.0
fit;3.0
subir;4.0
fallait-il;2.0
enlever;2.0
illusion;2.0
ait;15.0
époque;6.0
haine;4.0
compter;4.0
broyé;1.0
effroyable;1.0
injustice;6.0
contenterait;1.0
estimer;2.0
publiquement;2.0
reconnu;9.0
déclaré;7.0
attendre;7.0
osé;1.0
rappellerai;2.0
remontant;1.0
déclarait;1.0
prescrirait;1.0
impression;3.0
affichage;1.0
arrêt;3.0
absolution;1.0
réintégrer;1.0
publique;16.0
faux;4.0
apparence;1.0
ajoutait;2.0
désirons;1.0
espérons;1.0
procurer;1.0
dédommagement;2.0
prétendre;1.0
réduisons;1.0
peine;10.0
accorder;9.0
certitude;1.0
solennellement;1.0
reconnue;1.0
manifestée;1.0
attendant;6.0
puissions;2.0
compenser;1.0
pleinement;1.0
soufferts;1.0
voulons;3.0
moment;15.0
intégrité;1.0
laisse;6.0
légitime;7.0
faustin;1.0
hélie;1.0
citer;5.0
émane;2.0
récuser;1.0
autorité;7.0
dette;1.0
humilié;1.0
accusation;6.0
asseoir;1.0
banc;25.0
flétri;1.0
soupçon;2.0
profession;2.0
famille;8.0
sacrée;1.0
terrible;2.0
oserait;1.0
réputation;1.0
polluée;1.0
seul;10.0
souffle;1.0
inquiétude;1.0
souci;2.0
dévorant;1.0
entraîne;2.0
réclament;2.0
prétendons;1.0
assurément;3.0
dût;1.0
suivi;2.0
investis;1.0
égard;4.0
bienfaisant;2.0
devraient;3.0
circonscrire;1.0
intentée;1.0
éprouver;1.0
préjugé;1.0
supportât;1.0
celuici;1.0
responsabilité;4.0
causé;3.0
juriscousultes;1.0
autorisés;2.0
criminaliste;1.0
éminents;2.0
autorise;3.0
universelle;1.0
morale;6.0
dirai;2.0
vous-même;1.0
auriez-vous;1.0
longue;9.0
brillante;1.0
carrière;9.0
avocat;16.0
avez;41.0
certainement;10.0
angoisse;1.0
malheureuses;1.0
confidence;1.0
connu;4.0
souffrance;3.0
partagées;1.0
êtes;5.0
efforcé;1.0
conseil;11.0
ramener;2.0
espérance;5.0
an;27.0
urs;2.0
meurtris;1.0
témoin;2.0
absence;3.0
mari;2.0
père;4.0
brusquement;1.0
pensé;8.0
âme;2.0
conscience;4.0
cruelle;1.0
inhumaine;1.0
consommé;1.0
martyre;1.0
refusait;1.0
espèce;4.0
laissez-moi;6.0
espérer;2.0
voudrez;3.0
profiter;1.0
accomplir;3.0
nation;2.0
voisin;1.0
satisfaction;13.0
proclame;1.0
irresponsable;4.0
judiciaire;23.0
uniquement;4.0
nombre;32.0
constitue;1.0
raisonnement;2.0
conduirait;1.0
hérésie;1.0
prime;1.0
terminé;1.0
dépose;2.0
remontrance;1.0
confiance;5.0
pénétré;2.0
caractère;10.0
soutien;1.0
voudra;6.0
possible;14.0
bref;4.0
délai;4.0
réclame;5.0
applaudissement;16.0
gauche;43.0
milliard;1.0
culte;3.0
puisqu;7.0
établie;3.0
amené;2.0
part;12.0
multiple;1.0
posée;15.0
revenir;3.0
instant;5.0
parler;8.0
chiffre;31.0
prétention;1.0
économe;2.0
pourtant;1.0
présenté;3.0
augmentation;32.0
voudrais;4.0
indiquer;5.0
applique;5.0
dois;2.0
ajouter;4.0
moindre;4.0
hésitation;1.0
renaultmorlière;1.0
légitimité;1.0
appliquent;1.0
concurrence;1.0
juridiction;10.0
tunisie;4.0
permettez-moi;8.0
réjouie;1.0
avons;16.0
créer;4.0
tunis;3.0
porter;12.0
plénitude;1.0
commerciale;3.0
correctionnelles;3.0
administratif;4.0
permettront;1.0
juger;5.0
progression;3.0
produite;3.0
consi-;1.0
dérable;1.0
élevé;4.0
rôle;8.0
correctionnel;9.0
comprend;3.0
lieu;19.0
nécessaire;19.0
paraître;4.0
inquiétante;1.0
tient;2.0
criminalité;1.0
décision;11.0
cassation;11.0
compétence;46.0
portée;5.0
autrefois;7.0
beylicales;1.0
retenir;1.0
statistique;2.0
citée;1.0
accroissement;3.0
considérable;2.0
démontre;4.0
volontiers;4.0
témoigne;2.0
développement;3.0
agricole;1.0
commercial;1.0
régence;1.0
protectorat;1.0
seconde;6.0
trait;3.0
élève;3.0
contestée;1.0
indiqué;4.0
forcée;1.0
jeu;1.0
août;2.0
terme;6.0
répartis;1.0
classe;20.0
existaient;1.0
classification;2.0
base;2.0
population;11.0
établi;2.0
critiquée;1.0
ellejpst;1.0
critiquable;2.0
obligé;18.0
appliquer;9.0
résultat;12.0
dénombrement;1.0
toulon;1.0
réclamer;3.0
viennent;4.0
résumé;8.0
applaudir;1.0
puisse;8.0
somme;27.0
vertu;4.0
maintes;2.0
proclamé;1.0
modifiée;4.0
budgétaire;10.0
procédure;10.0
présenter;9.0
arrive;7.0
répondrai;3.0
rapidement;3.0
réclamation;5.0
extrême;12.0
oublier;4.0
agit;20.0
prolongez;1.0
sourire;1.0
prolongerai;1.0
assure;2.0
saurais;2.0
laisser;5.0
réponse;14.0
quelquesunes;1.0
adressées;2.0
veux;5.0
exposer;5.0
reproche;7.0
centre;17.0
arrête;2.0
récemment;2.0
accorde;4.0
individu;2.0
annoncer;1.0
payer;4.0
accordé;4.0
pierre;7.0
vau;3.0
dis;4.0
signale;4.0
rappelle;3.0
critiquer;2.0
aller;3.0
allocation;1.0
auraient;5.0
traduits;2.0
correctionnels;1.0
acquitté;2.0
voudrait;3.0
règle;4.0
fût;4.0
étendue;2.0
prévenu;27.0
bénéficié;4.0
ordonnance;4.0
soumise;4.0
permis;4.0
difficulté;4.0
social;5.0
financier;1.0
preuve;4.0
fut;15.0
renvoyée;8.0
refusa;1.0
associer;2.0
vérité;12.0
suivit;1.0
consacra;1.0
vote;30.0
promoteur;1.0
estima;1.0
importante;2.0
examen;3.0
émis;4.0
avis;11.0
défavorable;1.0
réclamée;2.0
nouvelle;11.0
passa;1.0
précisément;7.0
repoussé;1.0
repoussa;1.0
grosse;2.0
contrairement;1.0
extrêmement;2.0
délicat;7.0
puis;13.0
promettre;1.0
examinée;2.0
soin;1.0
appel;10.0
exerçais;1.0
hier;2.0
exercerai;1.0
demain;17.0
ais;1.0
déterminées;2.0
bénéficient;1.0
intéressants;2.0
engagé;4.0
esprit;10.0
soutiennent;1.0
pareille;3.0
énerver;1.0
répression;3.0
détriment;2.0
finance;10.0
indisposition;2.0
retient;2.0
pourrait;13.0
surplus;2.0
plaindre;1.0
prisse;1.0
engagement;3.0
consulté;1.0
recherche;1.0
livré;2.0
calcul;1.0
entraînerait;2.0
hypothèse;1.0
accordait;1.0
coûter;1.0
million;6.0
trésor;1.0
élargissait;1.0
cadre;1.0
allouant;1.0
faudrait;3.0
doubler;1.0
arriver;12.0
comprendrez;2.0
sais;5.0
saisi;2.0
promets;1.0
étudier;8.0
aider;1.0
aboutir;14.0
apprenez;1.0
éveiller;1.0
degré;4.0
répète;10.0
examinerai;1.0
merveille;2.0
bienl;2.0
intéressante;6.0
avant-hier;1.0
basly;9.0
pratique;24.0
préoccupé;2.0
saisie-arrêt;5.0
salaire;4.0
petit;9.0
traitement;57.0
ouvrier;9.0
employé;18.0
parlement;2.0
obéi;1.0
adoptant;1.0
louables;1.0
organisé;2.0
fine;1.0
simple;11.0
déroule;1.0
entier;2.0
diminuer;3.0
large;3.0
malheureusement;2.0
yvec;1.0
réalisé;2.0
avantage;7.0
comptait;1.0
retournée;1.0
industriel;2.0
facile;1.0
chaulin-servinière;5.0
irais;1.0
important;4.0
observer;2.0
créancier;5.0
hésitaient;1.0
main;7.0
patron;2.0
reste;9.0
accomplissait;1.0
urocédure;1.0
retenait;2.0
prenait;1.0
intervenant;1.0
faisait;5.0
ayants;1.0
distribution;2.0
bornaient;1.0
exploit;1.0
seraient;5.0
gardés;2.0
avancer;1.0
lourd;1.0
débiteur;2.0
relativement;1.0
élevés;4.0
exigent;2.0
fort;10.0
avance;4.0
saisie;5.0
jugement;4.0
validité;1.0
lorsqu;25.0
atteint;1.0
répartition;2.0
source;1.0
coût;1.0
entraînent;1.0
élevant;2.0
ajoutez;1.0
notés;1.0
arrivez;3.0
total;2.0
avancés;1.0
prélève;1.0
saisie-arrêtée;1.0
proportion;1.0
distribuée;5.0
exorbitants;1.0
compare;1.0
distribuées;1.0
courage;4.0
récente;1.0
manqué;4.0
vien;1.0
honneur;12.0
entretenir;1.0
savais;1.0
difficile;6.0
formulé;2.0
plainte;1.0
chancellerie;4.0
remédier;2.0
inconvénient;7.0
signalés;1.0
promis;5.0
préparer;2.0
rose;3.0
prévenir;4.0
réunie;1.0
midi;1.0
examiner;3.0
odilon-barrot;3.0
amenée;1.0
examinant;1.0
adopter;1.0
modification;7.0
sérieux;3.0
félicite;1.0
auteur;8.0
concours;3.0
absolu;4.0
ljwnj;1.0
préparé;1.0
idée;7.0
maîtresse;3.0
interdit;3.0
céder;3.0
plichon;5.0
angleterre;1.0
allemagne;2.0
ben;1.0
espace;1.0
distribuer;2.0
rapprochées;1.0
grèvent;1.0
relatif;5.0
eomprls;1.0
mainlevée;1.0
omise;1.0
soient;8.0
dispensé;1.0
timbre;1.0
enregistrement;1.0
étudiées;1.0
estimons;1.0
produire;2.0
intention;10.0
trompé;1.0
commise;3.0
guillemin;3.0
convient;1.0
administration;10.0
pouvez;9.0
sûrs;2.0
saurons;1.0
baron;20.0
appeler;4.0
correctionnalisation;9.0
employant;1.0
barbare;1.0
consacré;2.0
usage;6.0
magistrat;43.0
respecter;7.0
série;3.0
police;21.0
correctionnelle;4.0
trouvé;6.0
dus;2.0
distingués;1.0
cruppi;5.0
connais;6.0
cité;1.0
conteste;1.0
blâmé;1.0
énergiquement;1.0
signalée;2.0
besoin;8.0
limiter;3.0
exceptionnel;1.0
présente;3.0
démontré;2.0
dangereux;3.0
violer;2.0
allusion;5.0
viol;1.0
perpétuel;1.0
approuvé;2.0
traduit;3.0
incontestable;3.0
soulever;3.0
exception;4.0
incompétence;5.0
admet;3.0
savez;15.0
maurice-binder;3.0
comparait;1.0
affirmation;2.0
binder;1.0
téméraire;1.0
condamnation;4.0
prononcer;3.0
préjudicielle;1.0
douteux;1.0
admette;1.0
inscrivez-vous;1.0
de-boisserin;1.0
prie;5.0
interrompre;2.0
dites;6.0
permets;2.0
disais;3.0
danger;4.0
assisté;2.0
manque;3.0
décliner;1.0
croit;4.0
tacite;3.0
chantage;1.0
marchandage;3.0
rumeur;2.0
préférable;2.0
intéressantes;2.0
entendra;1.0
procés;1.0
dez;1.0
circonscrite;1.0
exceptionnelles;1.0
offre;2.0
ajoute;3.0
affirmer;3.0
constante;3.0
vextrême;9.0
violation;3.0
avisé;1.0
passent;1.0
sévère;2.0
appliquée;3.0
humainement;1.0
refonte;1.0
abaisse;1.0
pénalité;1.0
exagérées;1.0
évite;1.0
légers;1.0
appareil;1.0
jamais;14.0
critiquez;1.0
dirigée;2.0
adoucir;1.0
sort;2.0
épargner;2.0
sévérité;1.0
excessives;1.0
connaissance;4.0
personnelle;5.0
dubief;4.0
condamner;1.0
éviter;3.0
laissez;2.0
répondra;3.0
discours;8.0
apercevoir;1.0
adressé;1.0
actuel;7.0
précédé;1.0
eût-il;1.0
désirable;1.0
prononcé;4.0
présence;7.0
darlan;5.0
parlerai;1.0
réorganisation;8.0
faite;13.0
tour;1.0
profite;4.0
toutefois;7.0
courtes;2.0
importance;7.0
capitale;2.0
examiné;3.0
commencer;2.0
sagement;2.0
pourrez;2.0
préalablement;1.0
parti;3.0
pose;3.0
veut-on;2.0
étendre;2.0
oui;11.0
monde;10.0
taux;11.0
est-ce;9.0
vallé;7.0
deviendront;2.0
décidé;3.0
transformant;1.0
solution;6.0
répercussion;1.0
communiqué;1.0
demandait;2.0
élever;5.0
fixait;1.0
comprendre;1.0
impossible;3.0
accepter;8.0
voulait;1.0
offrir;1.0
ajouté;3.0
trancher;3.0
repens;1.0
aurais;3.0
instituer;2.0
débat;11.0
bonne;9.0
seuls;1.0
fonctionnaire;15.0
resté;2.0
stationnaire;2.0
demanderai;2.0
augmenter;8.0
démontrerai;1.0
conviction;2.0
entière;4.0
désiraient;1.0
extension;25.0
intimement;1.0
liées;1.0
voter;15.0
relèvement;9.0
mouvement;12.0
mettre;9.0
prêt;8.0
discuter;4.0
recrutement;4.0
avancement;7.0
magistrature;31.0
flandin;6.0
insister;2.0
instituée;1.0
propos;4.0
préoccupation;4.0
créé;4.0
concerne;8.0
suppléant;21.0
aigu;1.0
nomme;1.0
jeune;11.0
acquis;4.0
vacants;1.0
résulte;5.0
rencontre;1.0
expérimenté;1.0
uil;1.0
ancien;12.0
officier;6.0
ministériel;1.0
honora;1.0
blement;1.0
accompli;1.0
fonction;12.0
entrer;5.0
heurte;1.0
manquer;1.0
unei;1.0
promesse;4.0
envisager;1.0
résoudre;1.0
renferme;1.0
bient;1.0
trouve;5.0
consiste;2.0
institué;1.0
substitut;4.0
touchaient;1.0
rétablir;1.0
toucheraient;1.0
voyez;3.0
auriez;3.0
difficiles;2.0
considère;3.0
désirer;1.0
intelligents;2.0
manquent;1.0
âge;3.0
expérience;7.0
professionnel;5.0
aient;3.0
fortune;5.0
vingt-huit;1.0
reçoivent;6.0
mode;2.0
souhaiter;1.0
également;12.0
désksi;1.0
démocratique;6.0
apporter;3.0
considéré;1.0
importantes;4.0
chef;6.0
crains;1.0
aborder;2.0
croyait;2.0
acquérir;1.0
énergique;1.0
faudra;2.0
entamée;1.0
tôt;2.0
prochaine;3.0
rendre;4.0
forte;3.0
davantage;2.0
respect;4.0
instruite;1.0
indépendant;4.0
assuré;2.0
pplaudissements;2.0
rappor-;1.0
teur;1.0
venir;11.0
n-ès;1.0
gouj;1.0
prendrai;1.0
monte;1.0
simplement;7.0
adresser;2.0
brève;1.0
signaler;3.0
quinzaine;1.0
grève;2.0
carmaux;3.0
attentat;3.0
vrai;10.0
légalement;1.0
tranchée;2.0
rességuier;2.0
arrestation;8.0
nommé;2.0
guilhem;1.0
arrêté;6.0
indice;5.0
vendeur;1.0
temps;18.0
maintenu;4.0
secret;10.0
gouvernementaux;2.0
publiaient;1.0
convaincu;9.0
avoué;3.0
charge;10.0
bout;2.0
cinquante-cinq;8.0
relâcher;1.0
arbitraire;8.0
ourtet;3.0
verrier;1.0
soldat;1.0
régiment;1.0
perpignan;1.0
relâché;2.0
déclarant;1.0
nue;1.0
présomption;3.0
parquet;20.0
intenter;2.0
dommagesintérêts;1.0
dénonciation;8.0
semble;2.0
élémentaire;1.0
frappé;4.0
pitoyen;1.0
dénonciateur;1.0
poursuivre;2.0
dossier;7.0
touche;4.0
origine;1.0
refusé;1.0
attitude;2.0
conforme;1.0
garantie;4.0
essentielles;2.0
mise;11.0
connaître;5.0
crn;1.0
-llement;1.0
lésé;1.0
apporte;1.0
avertir;2.0
poserait;1.0
venez;2.0
opéré;1.0
sûreté;10.0
imagine;4.0
recher-;1.0
chant;1.0
pouvait;10.0
arrêter;2.0
signalé;1.0
drapeau;2.0
indication;11.0
exclamation;5.0
procéder;6.0
information;1.0
rechercher;3.0
signalées;1.0
asextrême;1.0
aecret;1.0
épouvantable;1.0
contenter;2.0
ellevl;1.0
acceptait;1.0
vraiment;2.0
limite;2.0
appelez;3.0
passion;7.0
politique;6.0
sociale;3.0
inadmissible;1.0
policier;1.0
puissent;5.0
prolongées;3.0
refusent;2.0
délation;7.0
publié;1.0
réfère;1.0
légèreté;2.0
anonyme;1.0
signée;3.0
signataire;1.0
pèse;1.0
prolongée;2.0
avie;1.0
régler;2.0
tirer;1.0
clair;1.0
pression;1.0
patronales;2.0
détestables;1.0
cherchait;1.0
prix;1.0
rend;3.0
récidive;1.0
inexcusable;1.0
arbitrairement;1.0
prétexte;4.0
tenu;1.0
colère;1.0
recommence;1.0
va-t-elle;1.0
continuer;3.0
assurance;1.0
fera;4.0
enquête;5.0
déplorables;1.0
cettt;1.0
conduite;2.0
manifesté;3.0
justification;1.0
systématique;1.0
dis-je;3.0
basse;1.0
locale;3.0
servant;1.0
frapper;3.0
ouvrir;1.0
indûment;1.0
traînés;1.0
pâti;1.0
révoltants;1.0
inavouables;1.0
bruit;2.0
gustave;7.0
rivet;3.0
couvrir;1.0
incident;3.0
soulevé;1.0
profondément;2.0
émotionné;1.0
avenir;11.0
constans;1.0
évitera;1.0
retour;3.0
pareil;3.0
interrogé;2.0
complet;2.0
vingtquatre;1.0
interrogatoire;8.0
donnerait-elle;1.0
imperfection;2.0
devon;2.0
feli-;1.0
ter;1.0
prier;2.0
empêcher;3.0
méconnu;3.0
parisien;3.0
regrettables;2.0
rare;3.0
province;7.0
voir;12.0
pro-;1.0
immédiatement;5.0
délègue;1.0
constamment;1.0
visé;1.0
contre-projet;2.0
inscrivais;1.0
texte;13.0
obligation;1.0
formalité;1.0
protecteur;2.0
édictées;2.0
service;11.0
approuvaient;1.0
manière;5.0
modifié;4.0
inspirer;2.0
indirectement;1.0
formellement;1.0
défendu;1.0
priant;1.0
tourne;1.0
aide;3.0
mépris;2.0
prescription;1.0
devront;1.0
obéir;2.0
reviens;1.0
explication;8.0
nette;2.0
satisfaire;2.0
étonné;3.0
défendre;2.0
absolument;12.0
pensais;1.0
attendais;1.0
avoue;1.0
franchement;2.0
subalterne;1.0
continuelle;1.0
voulue;2.0
réfléchie;1.0
essayé;1.0
justifier;2.0
encourager;1.0
persévérer;1.0
respectueusement;2.0
soutenu;1.0
thèse;1.0
comprise;1.0
fallait;5.0
refaire;1.0
refasse;1.0
correctionnaliser;2.0
délit;3.0
conçois;2.0
dites-vous;1.0
rappeler;6.0
quelquefois;8.0
exactes;1.0
savons-nous;1.0
approchons;1.0
palais;2.0
qualifié;1.0
réalité;9.0
excusable;1.0
constaté;1.0
déféré;1.0
parôle;1.0
allez;1.0
serez;2.0
jugé;3.0
périlleuse;1.0
comparution;1.0
jury;29.0
huitaine;1.0
portne;1.0
minime;1.0
dénégation;2.0
possibles;1.0
autorisées;1.0
émanent;1.0
prévaudront;1.0
connue;1.0
arrange;1.0
cadrer;1.0
le-texte-de-la;1.0
écarte;1.0
aggravantes;2.0
uetit;1.0
renvoie;1.0
de-;3.0
vant;1.0
prévention;2.0
dure;4.0
parlé;3.0
exact;3.0
tente;1.0
soulève;1.0
rapprochée;2.0
subie;1.0
argument;7.0
croyez;1.0
salut;2.0
rarement;2.0
admis;3.0
note;1.0
audience;7.0
incomplètes;1.0
écartent;1.0
aggravante;2.0
permettrait;2.0
souverainement;1.0
posé;2.0
résume;2.0
renvoyer;1.0
inviter;2.0
autorisez;1.0
faveur;6.0
fàcheux;1.0
abriter;1.0
prononcées;2.0
africain;2.0
saintgermain;1.0
oserai-je;1.0
presque;6.0
surprise;1.0
méritait;1.0
parles;1.0
indigène;2.0
tolérer;2.0
avancé;1.0
remercie;2.0
grain;1.0
mil;1.0
ferait;2.0
solliciter;1.0
aimable;1.0
férocité;3.0
étonne;1.0
rit;2.0
cojicours;1.0
verbal;1.0
recueillir;1.0
aurai;3.0
découragerai;1.0
veulent;1.0
prennent;1.0
titre;9.0
honorifique;2.0
préoccuper;3.0
restent;4.0
position;3.0
vivre;5.0
talent;2.0
frère;1.0
aisance;1.0
sortent;1.0
instruits;1.0
végéter;1.0
plaider;4.0
imposer;6.0
sacrifice;4.0
énormes;2.0
supporter;2.0
renoncer;1.0
espéré;1.0
allouer;2.0
appointement;7.0
système;4.0
disant;3.0
organique;9.0
pardon;6.0
classés;1.0
titulaire;2.0
suppléance;2.0
recevront;1.0
constitution;1.0
grade;5.0
entièrement;1.0
oran;3.0
paraissez;1.0
trouver;5.0
mauvais;5.0
adresse;3.0
ballotées;1.0
équité;4.0
répétés;2.0
perdu;2.0
prononcez;1.0
attendez;1.0
disait-on;1.0
change;1.0
voit;2.0
abus;2.0
maintenir;7.0
devise;1.0
éternellement;1.0
ministérielle;1.0
reconnais;6.0
événement;2.0
imprévus;1.0
énervent;1.0
arrêtent;1.0
volonté;6.0
suffirait;3.0
accomplie;2.0
tiennent;1.0
sont-ils;3.0
milieu;4.0
privilège;3.0
ressort;6.0
acceptable;2.0
riche;10.0
seine;18.0
rapide;5.0
brillant;2.0
-et;1.0
mémoire;3.0
fidèle;2.0
procureur;7.0
tribuna;1.0
élèvent;1.0
arri;1.0
lro;1.0
espoir;1.0
vainement;1.0
caressé;1.0
priment;1.0
rares;3.0
bornent;1.0
bition;1.0
robe;1.0
rouge;1.0
deviennent;2.0
con;1.0
seillers;1.0
égalité;3.0
restreint;1.0
emploi;1.0
doucement;2.0
conseiller;9.0
joie;2.0
distraction;1.0
vacance;1.0
voyage;2.0
douce;1.0
savent-ils;1.0
malheur;1.0
excitation;3.0
entraînement;2.0
infortune;3.0
laissen;1.0
coutent;1.0
guère;3.0
servé;1.0
vice;1.0
dei;1.0
procureun;1.0
élite;2.0
ministériels;2.0
occuperaient;1.0
laplusgrandc;1.0
siège;2.0
favorisé;1.0
serail;1.0
normal;1.0
tenir;10.0
toute-puis;1.0
sance;1.0
inspire;1.0
beau;7.0
coup;3.0
situatioi;1.0
privilégié;1.0
noble;5.0
autant;13.0
rpg;1.0
pect;1.0
diffi;1.0
culté;1.0
écarter;3.0
rivalité;1.0
occuper;3.0
dignement;1.0
rang;4.0
appartient;4.0
snobisme;1.0
mène;1.0
magistratur;1.0
colonial;3.0
pendan;1.0
nées;1.0
vie;15.0
intelligence;2.0
lersquï;1.0
usé;1.0
climat;2.0
lointain;2.0
revient;2.0
infirmité;2.0
incu;1.0
rables;1.0
méritant;2.0
physique;2.0
offrez-vous;2.0
poui;1.0
santé;1.0
descente;2.0
ains;1.0
récompensez;2.0
admettez;1.0
métropole;3.0
vou-;1.0
déchéance;2.0
offrez;1.0
lutté;1.0
nlth;1.0
peiné;1.0
servi;2.0
péril;2.0
sacrifié;1.0
déclin;1.0
placez;1.0
niveall;1.0
débutant;1.0
donnent;2.0
conquis;2.0
récompense;3.0
encouragement;1.0
servir;2.0
renom;1.0
dahomey;1.0
cochinchine;1.0
guyane;1.0
inde;1.0
trouvent;3.0
justiciable;4.0
baromètre;1.0
traité;3.0
sans-gêne;1.0
indignation;1.0
semblent;1.0
injuste;3.0
discrédit;2.0
trouverez;3.0
continuez;1.0
réserver;2.0
égal;6.0
occupent;2.0
séjour;2.0
défaveur;1.0
allé;1.0
représenté;1.0
là-bas;2.0
brousse;1.0
désert;1.0
domptés;1.0
révolte;2.0
inquiets;1.0
méfiant;1.0
hai-;1.0
neux;1.0
maître;1.0
roumi;1.0
infidèle;1.0
apprécier;2.0
vaincu;3.0
aîné;1.0
peuple;1.0
bienveillance;4.0
laissé;2.0
rive;1.0
loire;1.0
rhône;2.0
garonne;1.0
logique;1.0
représentant;3.0
estimé;2.0
arrivent;1.0
lieutenant;2.0
saigon;1.0
alger;2.0
constantine;2.0
rentrerez;1.0
condi-;1.0
tion;1.0
descendre;5.0
saint-germain;3.0
rentrée;2.0
cesser;2.0
pro;1.0
jndes;1.0
voulez;12.0
partout;5.0
siègent;5.0
entourés;2.0
légitimement;1.0
commande;1.0
disiez;1.0
afrique;2.0
reviendrez;1.0
malade;1.0
fatigués;1.0
usés;1.0
donnerons;1.0
retraite;14.0
fatigue;1.0
équivoque;2.0
jurisprudence;6.0
argutie;1.0
inspirées;1.0
magtstratatres;1.0
deçà;1.0
méditerranée;2.0
passionnante;1.0
dispffcaitre;1.0
anomalie;1.0
pouwïir;1.0
exécutif;2.0
permettre;4.0
jqi;1.0
magis-;1.0
tftta;1.0
lançais;1.0
inamovibles;1.0
assimilé;1.0
européen;2.0
statué;1.0
suivre;1.0
dominateur;1.0
assimilation;3.0
date;6.0
confirmé;1.0
re-;1.0
cherché;1.0
précises;1.0
songeais;1.0
relève;1.0
collègue;10.0
écouté;1.0
attiré;1.0
législateur;1.0
imbu;1.0
inspiré;3.0
unité;2.0
imité;1.0
pou-;1.0
inamovibilité;2.0
détail;1.0
organiques;3.0
inamovible;1.0
tlemcen;1.0
sétif;1.0
bordeaux;6.0
rouen;2.0
algérien;2.0
soulevées;1.0
écho;1.0
fâcheux;2.0
interprétation;5.0
judaïque;1.0
torturé;1.0
recréé;1.0
refait;1.0
véritable;2.0
bienveillante;3.0
sollicitude;2.0
laissées;1.0
annexées;1.0
oir;1.0
reconnaissance;1.0
vainqueur;1.0
dépendre;1.0
soumission;1.0
lé;1.0
trouble;1.0
koranique;1.0
indissolublement;1.0
lié;2.0
religion;1.0
révélée;1.0
mahomet;1.0
mission;3.0
rapprocher;1.0
combiner;1.0
atteinte;7.0
religieux;1.0
sceptique;2.0
admirent;1.0
jalousent;1.0
tact;1.0
patriotisme;1.0
amovibilité;2.0
aacun;1.0
réservez;2.0
attaquée;2.0
violence;1.0
inhérentes;1.0
humaine;1.0
courageux;1.0
obéissants;1.0
sait;4.0
rappelé;1.0
plairue;1.0
a-t-on;2.0
erlee;1.0
pla-;1.0
cés;1.0
suspicion;2.0
traversons;1.0
navrantes;1.0
mobile;1.0
généreux;2.0
amour;1.0
patrie;1.0
dénie;1.0
ridiculise;1.0
animent;1.0
réussit;1.0
déshonorer;1.0
fièvre;1.0
malsaine;1.0
envie;2.0
appétit;1.0
inassouvis;1.0
inassouvissables;1.0
menace;2.0
tuer;1.0
élevées;1.0
puissantes;1.0
démocratie;1.0
supposé;1.0
affirmé;4.0
crié;1.0
cru;5.0
masse;1.0
admettre;3.0
sens;11.0
moral;3.0
oblitère;1.0
obéissante;1.0
pénétrer;8.0
doute;4.0
préparation;1.0
commencement;2.0
venue;1.0
interprétative;1.0
mini-stère;1.0
enfant;3.0
chéri;1.0
compacte;1.0
signe;2.0
demandez;5.0
sollicite;1.0
aurez;1.0
runallité;1.0
puissance;2.0
uvre;3.0
enviée;1.0
faites-la;1.0
servez-vous;1.0
effacer;1.0
condamne;1.0
repousse;2.0
entendrez;1.0
collaborateur;1.0
confier;1.0
utilement;2.0
exercer;1.0
applaudis;1.0
excessif;1.0
parcronnez-lemoi;1.0
blessant;2.0
tâche;1.0
statuer;1.0
décider;1.0
concitoyen;1.0
apprend;2.0
faculté;9.0
doué;1.0
ma-;1.0
gistrat;1.0
inférieur;2.0
expression;2.0
véritablement;3.0
digne;3.0
hauteur;1.0
lourde;2.0
au-dessus;3.0
séduction;1.0
amitlés;1.0
les-;1.0
coteriesi;1.0
inspirant;1.0
famé;1.0
loyal;1.0
trè;1.0
ambitieux;1.0
perd;1.0
critiqué;1.0
ambition;2.0
engrenage;1.0
sollicitation;1.0
échelon;1.0
faiblesse;1.0
douter;2.0
flatte;1.0
ami;6.0
régime;4.0
éteint;1.0
meurent;1.0
courbé;1.0
échine;1.0
fervent;1.0
attaché;2.0
obtenu;3.0
indépendance;3.0
empresse;1.0
partage;2.0
considèrent;1.0
vingt-cinq;4.0
vis;1.0
plaidais;1.0
rencontré;1.0
méritent;1.0
épithète;1.0
rencontrés;1.0
existe;3.0
attaqués;1.0
inspiration;1.0
termine;1.0
aime;2.0
expprt;1.0
sûr;1.0
profond;1.0
indulgent;1.0
humain;1.0
met;1.0
critique;2.0
seule;1.0
comptais;2.0
intervenir;1.0
directe;1.0
représente;1.0
complètement;1.0
présentée;1.0
soulevée;2.0
reproduire;1.0
objection;5.0
présentées;3.0
pouvons;3.0
appointer;1.0
modifiées;1.0
péremptoire;1.0
compliment;2.0
remercte;1.0
défendais;1.0
féroce;2.0
der-;1.0
nier;1.0
com-;1.0
plices;1.0
voté;22.0
remonter;2.0
arrondissement;6.0
mènent;2.0
formule;2.0
correspond;1.0
trompe;3.0
demandons;5.0
changer;1.0
restera;4.0
accorderez;1.0
épargnera;1.0
plaçant;1.0
niveau;1.0
surnuméraire;1.0
appointé;1.0
donnera;1.0
imparfait;1.0
hostile;2.0
désir;9.0
voulant;2.0
fond;9.0
renonce;1.0
de-résolutîon;1.0
renouveler;2.0
brisson;6.0
exprimées;1.0
reprise;4.0
occasion;5.0
moimême;1.0
notion;1.0
conçu;2.0
invite;3.0
déférer;4.0
légèrement;2.0
courte;3.0
motion;2.0
formuler;4.0
protéger;1.0
protéer;1.0
abstraire;1.0
croire;2.0
évidence;1.0
formelle;1.0
avait-il;2.0
négliger;1.0
plaignez-vous;2.0
gardé;1.0
abouti;3.0
suivie;1.0
fabèrot;1.0
garder;2.0
supposez;1.0
agisse;2.0
agitation;1.0
causée;1.0
imposait;1.0
permettrez;2.0
sécurité;3.0
exigence;4.0
individuel;3.0
a-t-elle;2.0
faites-vous;3.0
proclamer;1.0
veuillez;1.0
hacher;1.0
orateur;1.0
constater;1.0
respectables;1.0
serai;2.0
veillerai;1.0
compromis;1.0
persiste;1.0
théorie;2.0
irresponsabilité;1.0
oublie;2.0
caractéristique;1.0
occupe;2.0
intervalle;2.0
ignore;2.0
suivies;1.0
démonstration;1.0
renouvelé;1.0
entraînera;1.0
parcelle;1.0
excède;1.0
proclamez;1.0
exiger;2.0
soumettre;1.0
démarche;1.0
examiniez;1.0
pays-ci;1.0
souverain;1.0
mathé;2.0
berteaux;5.0
rolland;3.0
jourdan;6.0
rabier;3.0
vacherie;3.0
genet;2.0
delmas;3.0
beauquier;3.0
lagnel;3.0
chamerlat;3.0
lesage;3.0
samary;4.0
blanc;7.0
ouvert;2.0
recueillis;2.0
dépouillement;4.0
votant;8.0
absolue;5.0
conre;1.0
close;1.0
passons;1.0
personnel;10.0
centrale;2.0
matériel;3.0
menues;1.0
renoncé;1.0
prolonger;2.0
inutilement;1.0
réservé;2.0
vise;1.0
élevait;2.0
propose;6.0
économie;8.0
franc;10.0
recevra;1.0
aveu;1.0
train;1.0
réduction;6.0
ensemble;1.0
frj;1.0
renaître;1.0
oublié;1.0
prospérité;1.0
heureusement;1.0
réalisées;2.0
entravent;1.0
chef-lieu;5.0
cheflieu;1.0
exceptionnellement;1.0
présidées;1.0
délégué;2.0
convoqué;1.0
février;3.0
fixe;1.0
déplacement;4.0
face;5.0
résidence;2.0
rogner;1.0
constate;2.0
épuisé;1.0
alloué;1.0
réalisée;1.0
intéressant;2.0
épuisés;1.0
inattendues;1.0
tendance;1.0
déplorable;4.0
flétrissait;1.0
judicieusement;1.0
déclare;7.0
prétendu;1.0
invoqué;3.0
intéressé;1.0
mécontent;1.0
procèdent;1.0
reliens;1.0
légale;4.0
illégale;3.0
diminue;2.0
diminuée;1.0
diminution;9.0
avouée;1.0
anormal;2.0
la-;2.0
indemnisés;1.0
fin;12.0
pensons;2.0
présider;2.0
toucher;4.0
attribués;1.0
formel;3.0
autrement;2.0
dépit;1.0
retranchement;3.0
étrange;2.0
alloués;1.0
dimanche;5.0
férié;1.0
éloigné;1.0
exactement;2.0
considérables;2.0
siégé;1.0
écononomies;1.0
misérables;1.0
acceptées;1.0
hôtel;1.0
indemnisé;1.0
siégeons;1.0
touchons;1.0
évidemment;2.0
prestige;2.0
cérémonial;1.0
largement;2.0
quotidien;1.0
fixée;1.0
opérer;3.0
bouleverser;1.0
excellent;1.0
prochain;5.0
estimera;1.0
parle;7.0
déroulée;1.0
mariage;3.0
salle;7.0
délibératioils;1.0
blâmer;1.0
eut;1.0
ardente;1.0
passionné;2.0
interdire;1.0
préside;1.0
défenseur;4.0
revenue;1.0
discuté;3.0
contradictoire;2.0
monté;1.0
concernait;1.0
voulais;1.0
combattre;3.0
reconnaissais;2.0
ajoutai;1.0
voyais;1.0
amorce;1.0
forme;5.0
viendrait;1.0
attendions;1.0
orme;1.0
terminais;1.0
enthousiaste;1.0
revenait;1.0
vaut;1.0
courir;1.0
enseigne;2.0
proverbe;1.0
sagesse;1.0
antérieures;1.0
supplié;1.0
paraissait;1.0
moment-là;1.0
circulaire;8.0
aisé;1.0
rédiger;2.0
précaution;1.0
fermeté;1.0
enjoindre;1.0
livrer;2.0
préjudiciable;2.0
directeur;2.0
désirez;2.0
maudit;1.0
existait;1.0
admettait;1.0
légiste;1.0
jurisconsulte;1.0
îecherché;1.0
matin;11.0
doctrine;1.0
enseigné;1.0
étudiant;1.0
professeur;5.0
comptent;2.0
légion;3.0
justement;3.0
sortant;1.0
éditeur;1.0
livre;1.0
laborde;4.0
édition;2.0
érudit;1.0
entré;1.0
sortir;1.0
verdict;2.0
interdiction;1.0
communiquer;3.0
partir;2.0
issue;1.0
juré;6.0
écrite;1.0
emporte-t-il;1.0
autreols;1.0
spontément;1.0
niais;1.0
juin;2.0
supprimé;2.0
inauction;1.0
dégénéreront;1.0
appréciation;1.0
applicables;1.0
contradiction;1.0
suppression;3.0
publicité;1.0
concilier;1.0
rapporter;1.0
clôture;1.0
contradictoirement;1.0
dangereuses;1.0
suspect;2.0
donnée;6.0
huis;2.0
clos;3.0
ajouterai;1.0
carreau;1.0
lyon;2.0
ouvrage;2.0
pleine;1.0
vois;1.0
contester;3.0
découvrir;1.0
donnant;1.0
introduite;2.0
infiltrée;1.0
parlais;1.0
naissance;1.0
ricard;8.0
tolérée;1.0
user;1.0
discrète;1.0
proposerais;1.0
observance;1.0
bienvenue;1.0
respecté;1.0
nullité;1.0
malentendu;1.0
ferez;2.0
fairë;1.0
lumière;1.0
posera;1.0
répondu;3.0
contrôle;3.0
souvenir;3.0
autriche;1.0
accusateur;1.0
dit-elle;1.0
positivement;1.0
italie;1.0
porte-t-elle;1.0
différence;1.0
introduit;1.0
accompagner;1.0
envoyer;1.0
enfin;10.0
annoncée;1.0
prédécesseur;3.0
expédier;1.0
evidemment;1.0
attente;1.0
fameuse;1.0
mettra;1.0
bas;1.0
approbation;1.0
confrère;1.0
lisez;1.0
jean;2.0
vicieux;3.0
réprouve;1.0
ecoutez;1.0
prononcent;1.0
fameux;2.0
discrétionnaire;1.0
recommander;2.0
voudront;1.0
pourparler;1.0
chercher;2.0
feuillette;1.0
consacre;1.0
arrogent;1.0
viole;2.0
autorisée;2.0
excusée;1.0
tvès;1.0
irai;1.0
illégal;1.0
laissée;2.0
substituer;2.0
réquisitoire;3.0
partiel;1.0
obvier;1.0
reconnus;1.0
onacru;1.0
détruire;1.0
déplacer;2.0
établit;1.0
généralement;4.0
culpabilité;1.0
semblable;1.0
renvoi;6.0
passera;1.0
ja-;1.0
exposent;1.0
habitude;2.0
connaît;2.0
décharge;2.0
renseignement;1.0
exacts;1.0
gendarmerie;2.0
élément;1.0
introduire;2.0
procédé;1.0
partisan;4.0
accordent;1.0
purement;2.0
constatation;1.0
recommandent;1.0
lutte;3.0
captieuses;1.0
ruse;1.0
conviennent;1.0
aggravé;1.0
regrettant;1.0
cherchent;1.0
remplacer;1.0
introduisant;1.0
échauffent;1.0
zèle;1.0
finissent;1.0
dominer;1.0
devient;1.0
équitable;1.0
empêchent;1.0
éloquemment;1.0
développée;1.0
froide;1.0
imiter;1.0
chaleur;1.0
coupe;1.0
passant;1.0
ironie;1.0
devenu;1.0
adversaire;2.0
publiques;1.0
pouvons-nous;1.0
étudient;2.0
von;1.0
écouter;1.0
apprennent;1.0
impunément;1.0
apprendre;1.0
tournée;1.0
long;2.0
accueilli;2.0
équilibre;1.0
rétablissement;1.0
supprimés;1.0
accordera;1.0
evreux;1.0
fériés;1.0
prit;1.0
normale;1.0
duré;1.0
fête;2.0
surchargea;1.0
nuit;3.0
libres;1.0
voulez-vous;2.0
journée;1.0
alourdi;1.0
fatiguée;1.0
est-elle;1.0
rendue;3.0
mécontenter;1.0
recevoir;1.0
protestation;3.0
atteints;1.0
protesteront;1.0
joindront;1.0
bénir;1.0
ouvrirez;1.0
biën;1.0
affecté;1.0
payement;2.0
due;1.0
diminuant;1.0
diriger;1.0
budgétaires;5.0
constatés;1.0
paru;2.0
inutile;1.0
réduisant;1.0
cou;1.0
atés;1.0
précédent;1.0
opération;1.0
abri;1.0
éprouve;2.0
insistance;1.0
avouer;1.0
augmente;1.0
réduire;2.0
agrément;1.0
suffisante;1.0
moyenne;1.0
dépassé;1.0
correctes;1.0
reprocher;3.0
objecte;1.0
primitif;1.0
suffisant;1.0
supprimait;1.0
paraît;2.0
rigoureux;1.0
ferai;4.0
rétablie;1.0
juridique;1.0
pénétrât;1.0
réservée;1.0
parfaitement;5.0
rendît;1.0
jugeait;1.0
défiant;1.0
convaincre;2.0
verrai;1.0
bieu;1.0
semblant;2.0
problème;2.0
jeter;1.0
toucheront;1.0
durée;2.0
conséquent;2.0
siégeaient;2.0
abusive;1.0
injustifiée;1.0
second;1.0
proteste;1.0
modifiant;2.0
déposer;3.0
autorisant;1.0
borner;1.0
conformer;1.0
impératives;1.0
portent;1.0
rentré;1.0
complémentaire;1.0
sera-t-elle;2.0
aurait-il;1.0
anxiété;1.0
dérouler;1.0
plaidé;1.0
perpétuent;1.0
entières;1.0
sonnettp;1.0
huissier;1.0
fixé;4.0
indique;3.0
favorables;3.0
écartant;1.0
accordant;1.0
atténuantes;1.0
emprisonnement;2.0
bénéfice;4.0
rempli;1.0
écartez;1.0
audessous;2.0
amende;12.0
reconnaît;4.0
réclusion;1.0
forçés;1.0
pouvais;1.0
engager;2.0
inquiètent;1.0
remarquez-le;1.0
reproduisent;1.0
respecte;1.0
jugée;1.0
exercées;1.0
revienne;1.0
conquérir;1.0
bienveillant;1.0
puissant;1.0
supprime;2.0
précédentes;1.0
annuelle;1.0
donnerez;2.0
exprimé;2.0
grandeur;1.0
délaissé;1.0
modestes;1.0
changé;4.0
donnerait;2.0
ventôse;3.0
viii;1.0
gratuites;2.0
gratuité;1.0
maintenue;1.0
transformer;2.0
payées;1.0
cesserai;1.0
répéter;3.0
suffira;1.0
pur;1.0
apportée;2.0
repousser;1.0
fil;2.0
bourgeoisie;1.0
dmite;1.0
dite;1.0
voyons;1.0
prenons;1.0
vingt-quatre;1.0
agriculteur;1.0
mère;1.0
imposé;2.0
éducation;2.0
énergie;1.0
animé;1.0
violent;1.0
idéal;2.0
envoyez;1.0
barcelonnette;1.0
expédiez;1.0
quimper;1.0
fera-t-il;1.0
vivra;1.0
cachée;1.0
ignorées;1.0
réelles;1.0
jouer;1.0
cacher;1.0
amourpropre;1.0
humiliez;1.0
trouvez;1.0
exagéré;2.0
sûrement;1.0
méritants;1.0
sent;2.0
possesseur;1.0
bagage;1.0
intellectuel;1.0
antichambre;1.0
gagner;2.0
aigrit;1.0
luimême;1.0
disparaissait;1.0
jeunesse;3.0
virilité;1.0
déploient;1.0
élevée;3.0
vaudrait;1.0
déraciner;1.0
caressée;1.0
maternelle;1.0
pousser;1.0
audacieux;1.0
profit;1.0
ambitionnent;1.0
donnez-leur;1.0
idéaliste;1.0
passée;1.0
contenté;1.0
renfermer;1.0
amélioration;1.0
réalisables;1.0
humbles;1.0
déraciné;1.0
jetez;2.0
cardinal;1.0
nourrissant;1.0
bourrant;1.0
gros;3.0
argent;5.0
hésiter;1.0
faible;2.0
astreints;1.0
silence;1.0
bâillonnés;1.0
briser;1.0
opposez;1.0
majestueusement;1.0
excluez;1.0
désespéré;1.0
céderont;1.0
doués;1.0
chasserez;1.0
aur;1.0
trempée;1.0
appris;1.0
impartial;1.0
observateur;1.0
repousserez;1.0
formé;1.0
étude;1.0
livrerez;1.0
bonheur;2.0
sévères;1.0
choisit;1.0
indulgente;1.0
bonté;1.0
grandit;1.0
aimer;1.0
frappe;1.0
plaint;2.0
posséderont;1.0
puise;1.0
labeur;1.0
caché;1.0
éloignement;1.0
séduisantes;1.0
entraînantes;1.0
fleur;1.0
aussitôt;2.0
fanée;1.0
épanouie;1.0
renaissante;1.0
persévérèr;1.0
contente;1.0
regretterez;1.0
pensez;1.0
osez;1.0
maintien;1.0
diraient;1.0
bourgeois;5.0
chambré;1.0
laurençon;3.0
lebaudy;3.0
bory;3.0
sonnery-martin;3.0
amodru;2.0
rouvre;3.0
lechevallier;2.0
lebret;3.0
milochau;3.0
delaunay;3.0
rigaud;3.0
prud;3.0
homme-havette;3.0
trélat;3.0
decker-david;6.0
ruau;4.0
concu;1.0
exprimait;1.0
deckerdavid;1.0
fournir;1.0
manifester;1.0
ferme;3.0
ans-;1.0
préface;2.0
disait;5.0
réalisation;1.0
diminuerait;1.0
considérablement;1.0
relevant;1.0
assurerons;1.0
définitif;1.0
prenant;1.0
rond;1.0
estimait;1.0
attendue;3.0
suffit;1.0
reporter;1.0
épargnerai;1.0
historique;1.0
vicissitude;1.0
martin-feuillée;1.0
préparèrent;1.0
novembre;1.0
labussière;3.0
déposa;2.0
spéciale;2.0
antoine;5.0
perrier;4.0
guyot-dessaigne;3.0
bertrand;3.0
fallières;2.0
unanime;2.0
préoccupaient;1.0
gratuite;1.0
coûteuse;4.0
inspirent;1.0
concluait-il;1.0
pavs;1.0
résultait;1.0
intégralement;1.0
réservées;1.0
iro;1.0
lors;3.0
sou-;1.0
mettons;1.0
permettra;1.0
rappelant;2.0
drainé;1.0
écrase;1.0
se-;1.0
rait;1.0
devez;2.0
allez-vous;1.0
dirat-on;1.0
couyba;6.0
exposaient;1.0
supprimant;2.0
inutiles;4.0
circonscription;1.0
agricoles;2.0
diminué;3.0
désirait;1.0
faciles;1.0
campagne;2.0
village;1.0
éloignés;1.0
nécessite;1.0
plaideur;1.0
doru;1.0
interrompant;1.0
relever;2.0
constant;5.0
élévation;1.0
successives;1.0
entendezvous;1.0
proclamation;1.0
louis-philippe;1.0
relevé;2.0
remarquez;1.0
poids;1.0
retombe;1.0
tiraillé;1.0
butte;1.0
essentiellement;2.0
conciliation;1.0
moderne;1.0
cherté;2.0
augmenté;3.0
devriez;1.0
abstraction;1.0
visée;1.0
liée;2.0
agité;1.0
associé;1.0
fhonorable;1.0
adopta;1.0
godin;2.0
impose;2.0
consisterait-elle;1.0
fourni;1.0
tenait;1.0
résultant;1.0
habitant;4.0
nice;1.0
versailles;1.0
recruter;1.0
disaient;1.0
discutée;2.0
otflaipnt;1.0
capacité;2.0
précisé-;1.0
ment;3.0
examine;1.0
dérisoire;1.0
catégorie;1.0
retenue;3.0
subissaient;1.0
gaudin;2.0
remarquer;3.0
antique;1.0
tiers;1.0
nécessité;5.0
considérait;1.0
convenait;1.0
mobilière;1.0
équivalent;1.0
promulgation;1.0
tripler;2.0
légère;2.0
modéré;1.0
ira;1.0
opposerà;1.0
entraver;1.0
renforçant;1.0
inévitablement;1.0
rémunération;1.0
vienne;2.0
soi-disant;1.0
pèsent;1.0
regard;1.0
passage;1.0
citation;1.0
montre;1.0
compétents;1.0
séparer;2.0
coûte;2.0
honoraire;1.0
coûtera;1.0
maximum;1.0
comparaison;2.0
primordial;1.0
essentiel;2.0
inhérent;1.0
populaire;2.0
rapidité;1.0
expéditif;1.0
exige;1.0
immédiate;2.0
reliquat;1.0
cite;2.0
arriéré;1.0
chitires;1.0
probants;1.0
dispense;1.0
longuement;1.0
montrer;3.0
diffère;1.0
retarder;1.0
accepterontils;1.0
supplément;1.0
maintenez-vous;1.0
réponds;1.0
déposant;2.0
abandonne;1.0
acceptez;1.0
abandonnez;1.0
vousmême;1.0
regrettez;1.0
entretenu;1.0
unanimes;1.0
consé;1.0
quent;1.0
indiquera;1.0
programme;2.0
voulezvous;1.0
montaut;2.0
seine-et-marne;3.0
maintenez;1.0
terminant;1.0
permettrai;1.0
reconnaissant;1.0
immenses;1.0
bienfait;1.0
disait-il;1.0
sûre;1.0
promnte;1.0
économique;1.0
dps;1.0
aire;1.0
dégrèvement;1.0
sensible;2.0
portera;1.0
invitait;2.0
sérieusement;1.0
quelqu;1.0
pourrait-il;1.0
doive;2.0
figurer;1.0
tvcs;1.0
doterez;1.0
progrès;1.0
attend;3.0
impatience;3.0
chargée;1.0
déterminent;1.0
fonctionnement;1.0
témoigné;1.0
urgente;1.0
indispensable;2.0
croyons;1.0
prévoir;2.0
pécuniaires;1.0
résulter;1.0
naturel;1.0
agir;4.0
pardonnez-moi;1.0
champêtre;1.0
charrue;1.0
ufs;1.0
expliqué;2.0
permettez;1.0
appuyant;1.0
préjugez-vous;1.0
définitive;2.0
entraîner;1.0
nécessairement;2.0
résolue;1.0
organe;1.0
proposé;3.0
pouvez-vous;1.0
surcroît;1.0
besogne;2.0
pourraient;1.0
préjugeant;1.0
caze;3.0
insisté;1.0
disposé;4.0
transaction;1.0
proposée;1.0
principal;1.0
a-t-il;1.0
hâter;1.0
attachant;1.0
signification;1.0
croyez-vous;1.0
comprends;6.0
tarde;1.0
sommeille;1.0
avril;1.0
engagerait;1.0
finir;1.0
associerai;1.0
vite;3.0
entends;2.0
dira;1.0
dilemme;3.0
rire;2.0
abuser;1.0
vom;1.0
fîtes;1.0
impuissants;1.0
-une;1.0
manifestation;14.0
stériles;2.0
trompent;1.0
tromper;1.0
genre;1.0
résister;2.0
mandat;1.0
tendraient;1.0
défaut;1.0
employer;1.0
ressusciter;1.0
vieille;1.0
embarrasser;1.0
délibéré;1.0
traine;1.0
traîne;1.0
aboutisse;2.0
maintenais;1.0
chilfre;1.0
croyais;1.0
allait;1.0
proposer;2.0
abaisser;1.0
prétendez;1.0
quo;1.0
platonique;3.0
stérile;4.0
inefficace;1.0
ignorez;1.0
lfe;1.0
subsistent;1.0
désaccord;1.0
facilement;1.0
laborieuse;1.0
gestation;1.0
réelle;1.0
efficace;1.0
sortira;1.0
impatiemment;1.0
partagera;1.0
remarqué;1.0
gapde;1.0
permet;1.0
venu;1.0
excuser;2.0
résultera;1.0
votera;1.0
fournies;1.0
abuse;1.0
étrangement;1.0
soutenir;1.0
émolument;2.0
insuffisants;1.0
dise;1.0
dê-;1.0
connaissais;1.0
serais;1.0
embarrassé;1.0
présentant;1.0
bieïî;1.0
irès;1.0
bie;1.0
divise;1.0
proposez;1.0
vérihblement;1.0
discutera;1.0
presser;1.0
terminer;2.0
loisir;1.0
menée;2.0
pourrons;2.0
indiquant;1.0
vendredi;1.0
reconnaissait;1.0
pensait;1.0
obstinait;1.0
retire;1.0
conformément;3.0
veuille;1.0
henri;16.0
laniel;3.0
retirer;2.0
tard;1.0
fixera;1.0
accomplirons;1.0
ttès;1.0
retiré;2.0
bérard;11.0
bureau;3.0
pétition;7.0
rédigées;1.0
greffier;15.0
venant;1.0
justifiée;1.0
nationale;3.0
oubliée;1.0
quatrevingts-dix;1.0
enrichir;1.0
remplace;1.0
favorable;1.0
démocratiques;1.0
produites;1.0
dignes;2.0
visant;1.0
modifiera;1.0
établir;1.0
bientôt;1.0
quoiqu;1.0
saisissant;1.0
médiocre;1.0
rurales;1.0
améliorer;1.0
convient-il;1.0
preniez;1.0
engageriez;1.0
portiez;1.0
deviendrait;1.0
euxmêmes;1.0
appellent;1.0
savent;1.0
apporterait;1.0
codet;3.0
vraie;1.0
désire;3.0
antérieurement;2.0
réglaient;1.0
intervint;1.0
accrue;2.0
rangés;1.0
virent;1.0
méconnaître;1.0
rapprochant;1.0
sensiblement;2.0
restée;1.0
aggravés;1.0
devenue;1.0
choquante;1.0
laper-;1.0
havre;9.0
décida;1.0
banlieue;1.0
divisés;1.0
attribua;1.0
touchent;2.0
double;1.0
agirait;1.0
estpas;1.0
parla;1.0
éventualité;2.0
réalise;1.0
soumis;1.0
rallier;3.0
réaliseraient;1.0
remaniée;1.0
sigualer;1.0
intéresse;2.0
siéger;3.0
obstacle;2.0
incombe;1.0
estbien;1.0
initier;1.0
rattachant;1.0
municipaux;1.0
frontière;1.0
douane;1.0
favo-;1.0
rable;1.0
poser;4.0
agg-ravationque;1.0
séparés;1.0
rivière;1.0
situés;1.0
création;1.0
trouvaient;2.0
résulté;1.0
gar;1.0
soumettrons;1.0
combler;1.0
plaignons;1.0
peuplés;1.0
étudie;1.0
viendra;1.0
dépasse;1.0
celte;1.0
iknèn;1.0
modifiés;1.0
peutêtre;1.0
appellation;1.0
andorre;1.0
tompy;1.0
inculpé;2.0
obtint;1.0
solidarité;3.0
fisc;1.0
propre;1.0
insolvables;1.0
évident;2.0
sursis;2.0
suspendu;1.0
personnellement;1.0
coaccusé;1.0
bepmale;3.0
ametide;1.0
enchanté;1.0
réponde;1.0
solidaires;1.0
normalement;1.0
solidaire-;1.0
supportés;1.0
solidairement;1.0
peut-il;1.0
suffisamment;1.0
mûrie;1.0
prierai;1.0
caria;1.0
courante;1.0
prétend;1.0
rambouillet;3.0
quelque-;1.0
embarra;1.0
consultation;1.0
interpréter;1.0
satisfaites;1.0
prétends;1.0
tonjours;1.0
diable;1.0
exigeant;1.0
vis-à-vis;1.0
samedi;3.0
tvm;1.0
précise;1.0
bulletin;1.0
bénéficier;1.0
participent;2.0
textuellement;1.0
bél;1.0
néficier;1.0
memeadt;1.0
ministration;1.0
pension;9.0
confondre;1.0
temporaires;1.0
permanent;1.0
constituent;1.0
hâte;1.0
retrancher;1.0
non-recevoir;1.0
réellement;1.0
secrétariat;4.0
compose;1.0
vingt-six;1.0
identique;1.0
payé;1.0
abonnement;2.0
figure;2.0
vingt-sept;1.0
partager;1.0
zélé;1.0
rendent;1.0
incapables;1.0
travailler;1.0
dénués;1.0
ressource;1.0
maigre;1.0
prévoyance;1.0
rétribués;2.0
directement;2.0
forfait;1.0
remise;1.0
répartie;1.0
intermédiaire;1.0
faut-il;2.0
temporaire;1.0
indéfinie;1.0
remède;1.0
manifestement;1.0
insuffisant;1.0
comble;1.0
seriez;1.0
appesantir;1.0
résulteraient;1.0
discuterait;1.0
demanderaient;1.0
versement;2.0
caisse;1.0
vieillesse;1.0
invité;1.0
verser;1.0
remarquezle;1.0
équivaut;1.0
ajouterait;1.0
subvention;1.0
résolu;1.0
obtenue;1.0
variable;1.0
prévues;1.0
atteindre;1.0
pratiqué;2.0
manufacture;1.0
forêt;1.0
agriculture;1.0
brigadier;1.0
forestier;1.0
communaux;1.0
adoptez;1.0
contributive;1.0
dépasserait;1.0
admettant;1.0
versent;1.0
profitent;1.0
offerte;1.0
rubrique;1.0
bonification;2.0
honncm;1.0
bip;1.0
leg;1.0
suffrage;1.0
refusera;1.0
léger;1.0
hésiteront;1.0
avantageux;1.0
joseph;5.0
var;4.0
payés;1.0
aurions;1.0
grâce;1.0
retirons;1.0
llouveau;1.0
collection;2.0
reconstitution;1.0
périmés;1.0
remboursables;1.0
gouvememerh;1.0
beylical;1.0
interpeller;1.0
coûtant;4.0
inscription;7.0
accepte;1.0
ordonné;1.0
entend-elle;1.0
lundi;3.0
ultérieurement;1.0
incompatibilité;1.0
souhaitait;1.0
terminât;1.0
promptement;1.0
exc;1.0
lamations;1.0
admets;1.0
fatre;1.0
pressé;1.0
supplémentaires;1.0
autorisé;1.0
ré-;1.0
pondre;1.0
soir;3.0
cette-semaine;1.0
empêché;1.0
souffrant;1.0
discute;1.0
souffrants;2.0
alimenter;1.0
cmnmission;1.0
serions;1.0
tenon;1.0
quelques-uns;1.0
spécial;1.0
auparavant;1.0
menacer;1.0
travaillera;1.0
assidûment;1.0
proposent;1.0
éloignée;1.0
tête;2.0
réservés;2.0
marine;1.0
feuilleton;1.0
utilité;3.0
concession;2.0
hoche;1.0
saint-florentin;1.0
armée;2.0
mar;1.0
rengagement;1.0
sous-officier;1.0
autoriser;1.0
vicinaux;3.0
dégât;1.0
causés;1.0
inondation;1.0
extraordinairement;1.0
acquisition;1.0
caserne;1.0
airesur-l;1.0
adour;1.0
èxtraordinairement;1.0
hyères;1.0
fréjus-saint-raphaël;1.0
emprunter;2.0
extraordinairemént;1.0
ille-et-vil;1.0
aine;1.0
établissement;3.0
office;1.0
distribués;2.0
renvoyés;1.0
finistère;1.0
étroite;1.0
approuver;1.0
clause;1.0
annexé;1.0
réseau;2.0
incorporer;1.0
dépensas;1.0
imprimée;4.0
sur-tout;1.0
initiativet;1.0
levée;1.0
minute;1.0
sténographique;1.0
gaudet;1.0
thorel;3.0
eure;3.0
simple-;1.0
louviers;1.0
lannelongue;1.0
gers;3.0
condom;1.0
seine-inférieure;3.0
comité;1.0
central;1.0
euzière;3.0
gap;1.0
emile;12.0
morlot;4.0
aisne;3.0
château-thierry;1.0
annexe;1.0
maj;1.0
orité;1.0
sol;1.0
augé;2.0
bachimont;2.0
balandreau;2.0
bouches-du-rhône;3.0
baudin;3.0
baudon;2.0
oise;2.0
baulard;2.0
bazille;2.0
bizouard-bert;2.0
bonard;3.0
bony-cisternes;2.0
bourgeois-du-jura;2.0
léon;6.0
marne;2.0
bourrât;2.0
boyer;2.0
antide;2.0
boysset;2.0
brunet;2.0
calvinhac;2.0
carnaud;2.0
castelin;2.0
edmond;4.0
haute-garonne;4.0
chambige;2.0
chandioux;2.0
chantelauze;2.0
chapuis;2.0
charonnat;2.0
charpentier;2.0
chautemps;2.0
chauvière;2.0
chauvin;2.0
chevillon;2.0
chiché;1.0
albert;6.0
clapot;2.0
cluseret;2.0
compayré;2.0
cornet;2.0
lucien;2.0
cornudet;2.0
couturier;1.0
crémieux;2.0
cros-bonnel;1.0
dauzon;2.0
defontaine;2.0
delarue;2.0
delbet;2.0
denêcheau;2.0
derveloy;1.0
desfarges;1.0
dindeau;2.0
doumergue;2.0
gaston;6.0
gard;2.0
dujardin-beaumetz;2.0
dutreix;2.0
jullien;2.0
faberot;2.0
fiquet;2.0
forcioli;2.0
lfranconie;1.0
frêbault;1.0
gacon;2.0
gauthier;2.0
clàgny;1.0
gendre;2.0
girault;2.0
girodet;3.0
goujat;2.0
goussot;1.0
gras;2.0
grousset;2.0
paschal;2.0
groussier;2.0
guesde;2.0
guieysse;2.0
hubbard;2.0
hubert;2.0
hugues;7.0
clovis;3.0
françois;6.0
huguet;2.0
humbert;2.0
jacques;4.0
jouffray;2.0
lacôte;2.0
lacretelle;2.0
lamendin;2.0
nièvre;2.0
sèvres;1.0
lavy;2.0
leconte;2.0
alfred;6.0
hérissé;2.0
senne;2.0
leyguq;1.0
raymond;4.0
lockroy;2.0
loup;2.0
magnien;2.0
mandeville;2.0
maret;2.0
martin;3.0
bienvenu;3.0
mas;2.0
masson;2.0
athé;1.0
maurise-faure;1.0
merlou;2.0
mesureur;2.0
michelin;2.0
millerand;2.0
mirman;4.0
montant;1.0
pajot;2.0
pams;2.0
paulin-méry;1.0
pédebidou;2.0
pelletan;2.0
camille;8.0
pontallié;2.0
poupin;2.0
fernand;2.0
renou;2.0
roche;4.0
ernest;6.0
rouanet;2.0
rousse;2.0
charles;8.0
salis;2.0
sauvanet;2.0
sever;2.0
colonel;5.0
souhet;2.0
tardif;2.0
toussaint;2.0
turigny;2.0
vaillant;3.0
villejean;2.0
vival;1.0
viviani;2.0
walter;3.0
alasseur;2.0
alicot;2.0
alsace;2.0
comte;32.0
prince;6.0
hénin;2.0
arenberg;2.0
armès;1.0
arnous;2.0
audhfred;1.0
auricoste;2.0
aynard;2.0
edouard;2.0
babaud-lacroze;2.0
balsan;2.0
bansard;2.0
bois;2.0
maine-et-loire;2.0
barthou;2.0
bastid;2.0
adrien;5.0
batiot;2.0
georges;16.0
beauregard;4.0
berdoly;2.0
beraè-lagarde;1.0
bernis;1.0
bischoffsheim;1.0
hautes-pyrénées;2.0
hauteloire;1.0
boucher;2.0
bouge;2.0
bougère;2.0
bourcy;2.0
bourlier;2.0
bourrillon;2.0
bozerian;1.0
brice;4.0
meurthe-etmoselle;1.0
rené;4.0
ille-et-vilaine;1.0
brincard;2.0
brune;2.0
carnot;2.0
carpentier-risbourg;1.0
carquet;2.0
cassou;2.0
castillard;2.0
charles-dupuy;2.0
charles-roux;2.0
charme;2.0
francis;2.0
chastenet;2.0
guillaume;2.0
chavoix;2.0
chevallier;2.0
christoyhle;1.0
cibiel;2.0
clament;2.0
clément;2.0
clédou;2.0
coache;2.0
cochery;2.0
danysi;1.0
nord;6.0
cogct;1.0
cosmao-dumenez;2.0
coudreuse;1.0
decrais;2.0
dejean;2.0
etienne;4.0
delafosse;2.0
delcassé;2.0
delpeuch;2.0
deluns-montaud;2.0
demarçay;2.0
descubes;2.0
deshayes;2.0
desjardins;2.0
develle;2.0
disleau;2.0
dorian;2.0
drake;2.0
dubois;2.0
victor;2.0
dreux;2.0
ducos;2.0
dulau;2.0
dupuy-dutemps;2.0
dupuytrem;2.0
dussaussoy;2.0
duval;2.0
duvau;2.0
eliez-evrard;2.0
elva;3.0
escanyé;2.0
estournelles;2.0
fanien;2.0
farjon;2.0
firino;2.0
fleury-bavarin;1.0
flourens;2.0
folleville;2.0
bimorel;2.0
forni;2.0
fournol;2.0
gaillard;2.0
galpin;2.0
garnier;2.0
charent;1.0
-inférieure;1.0
gasnier;2.0
gautier;2.0
gellé;2.0
gellibert;2.0
seguins;2.0
gérard;2.0
gervais;2.0
gévelot;2.0
girard;2.0
goirand;2.0
gonidec;2.0
traissan;2.0
gotteron;2.0
théophile;2.0
gironde;4.0
gourvil;2.0
grandmaison;2.0
grau;2.0
gruet;2.0
guérin;2.0
lieutenant-colonel;3.0
guignard;2.0
hainsselin;2.0
harriague;2.0
saint-martin;4.0
hayez;2.0
henrion;2.0
isambard;2.0
jacquemin;2.0
jobez;2.0
jonnart;2.0
jouffroy;2.0
abbans;2.0
lcomte;1.0
jaluzot;2.0
jurnel;1.0
kerjégu;2.0
krantz;2.0
labarthe;2.0
bourdonnayè;1.0
vicomte;8.0
lanuelongue;1.0
lannes;2.0
demontebello;1.0
laroche-joubert;2.0
laroze;2.0
lascombes;1.0
lavertujon;2.0
laville;2.0
deux-sèvres;2.0
maurice;5.0
seineinférieure;3.0
borgne;2.0
lehevahier;1.0
coupanec;2.0
gavrian;1.0
léglise;2.0
legrand;4.0
arthur;4.0
manche;4.0
bassespyrénées;1.0
mare;2.0
moigrie;1.0
myre;2.0
vilers;2.0
lepez;2.0
côte-d;4.0
leteurtre;2.0
troadec;2.0
levet;2.0
lévis-mirepoix;2.0
leygues;2.0
lot-et-garonne;1.0
loriot;2.0
loyer;2.0
mackau;2.0
mahy;2.0
malaussena;2.0
marchegay;2.0
marcillat;2.0
marfan;2.0
marmottan;2.0
martinon;2.0
marty;2.0
maruéjouts;1.0
méline;2.0
mercier;2.0
ute-sa;1.0
oie;1.0
mé-;1.0
itères;1.0
michau;2.0
michou;2.0
aube;2.0
montfort;2.0
moret;2.0
morillot;2.0
mougin;2.0
moustier;2.0
marquis;3.0
néron-bancel;1.0
noël;2.0
oriol;2.0
ornano;2.0
cuneo;2.0
ouvré;2.0
papelier;2.0
passy;2.0
paulmier;2.0
larsan;2.0
savoie;4.0
perrin;2.0
pionon;1.0
poincaré;2.0
pontbriand;2.0
breil;2.0
porteu;2.0
armand;4.0
pourteyron;2.0
prax-paris;2.0
quintaa;2.0
raiberti;2.0
rauline;2.0
réal;2.0
regnault;2.0
reille;4.0
rémusat;2.0
enault-morlière;1.0
rey;4.0
aristide;2.0
fisere;1.0
ribot;2.0
riotteau;2.0
rispal;2.0
roch;2.0
rotours;2.0
raoul;2.0
rouvier;2.0
bourlon;2.0
rouzaud;2.0
royer;2.0
rozet;2.0
albin;2.0
saint;3.0
quentin;1.0
sarrazin;2.0
saumande;2.0
sauzet;2.0
marc;2.0
schneider;2.0
sentenac;2.0
serph;2.0
guttman;1.0
sibille;2.0
sicard;2.0
simon;2.0
amanry;1.0
sirot-mallez;3.0
soland;2.0
surchamp;2.0
tailliandier;2.0
theulier;2.0
thierry-delanoue;1.0
thomson;2.0
thonion;2.0
thonnard;2.0
temple;2.0
thoulouse;2.0
trannoy;2.0
turrel;2.0
adolphe;2.0
vidal;2.0
saint-urbain;1.0
viellard;2.0
villiers;2.0
vogeli;2.0
vogiié;1.0
melchior;2.0
weil-mallez;1.0
wignacourt;2.0
witt;2.0
conrad;2.0
abel;2.0
aillières;2.0
bascou;2.0
baudry;2.0
asson;2.0
berrv;1.0
biliais;2.0
bizarelli;2.0
bizot;2.0
boissy;2.0
anglas;2.0
bontemps;2.0
vendée;2.0
braud;2.0
breton;2.0
broglie;2.0
caussanel;2.0
cavaignac;4.0
godefroy;4.0
césar;1.0
laîné;1.0
chabrié;2.0
cousin;2.0
elie;2.0
david;2.0
alban;2.0
defumade;3.0
delanne;2.0
deproge;2.0
derrien;2.0
dron;2.0
dulaure;1.0
dunaime;2.0
duvigneau;2.0
fouquet;2.0
gaussorgaes;1.0
frédéric;2.0
gauvin;2.0
gavini;4.0
sébastien;2.0
gayraud;2.0
genoux-prachée;2.0
gerville-réache;2.0
giguet;2.0
gillot;2.0
goblet;2.0
grenier;2.0
guillemaut;2.0
halgouet;2.0
herbet;2.0
basses-alpes;2.0
isaac;2.0
isambert;2.0
juigné;2.0
lacombe;2.0
lacroix;2.0
ferronnays;2.0
fmarquisde;1.0
largentaye;2.0
rioust;2.0
rochefoucauld;2.0
duc;4.0
doudeauville;2.0
lasserre;2.0
cerf;2.0
clec;2.0
lemire;2.0
moign;2.0
côtes-du-nord;2.0
lhopiteau;2.0
malzac;2.0
mielvacque;2.0
lacour;2.0
montalembert;2.0
mougeot;2.0
mun;2.0
munin-bourdin;2.0
naquet;2.0
pochon;2.0
ragot;2.0
rajon;2.0
claude;2.0
rameau;2.0
reboulin;1.0
reinach;2.0
emilo;1.0
lot;3.0
lodis;1.0
rohan;2.0
rubillard;2.0
sarrien;2.0
savary;2.0
tiphaine;2.0
tréveneuc;2.0
trouillot;2.0
viger;2.0
wilson;2.0
retenus;2.0
panama;3.0
denis;2.0
gamard;2.0
guillemet;2.0
lanjuinais;2.0
noue;2.0
luce;2.0
casablanca;1.0
philipon;2.0
absent;4.0
chaudey;2.0
chenavaz;2.0
cou-;1.0
chard;1.0
dansette;2.0
deloncle;2.0
dnmas;1.0
faure;2.0
ferry;2.0
fould;2.0
hémon;2.0
hennard;2.0
hervoches;2.0
lozère;2.0
lachièze;2.0
lell;1.0
levecqne;1.0
linard;2.0
lorois;2.0
pierre-alype;2.0
plissonnier;2.0
pommera;1.0
fbaron;1.0
richard;2.0
sembat;2.0
vichot;2.0
villain;2.0
viox;2.0
annoncés;2.0
vérification;2.0
rectifiés;2.0
cidessus;1.0
potjr;1.0
bouches-durhône;1.0
césar-laîné;1.0
coliturier;1.0
cros-bonuel;1.0
oerveloy;1.0
esfarges-;1.0
frébault;2.0
gaussorgues;1.0
genêt;1.0
laporte;1.0
casabianca;1.0
haute-savoie;1.0
paulia-méry;1.0
reboulfri;1.0
yival;1.0
amo-;1.0
dru;1.0
audidred;1.0
vadrien;1.0
ail;1.0
bhône;1.0
berne-lagarde;1.0
bernie;1.0
bischoffheim;1.0
haute-loire;1.0
bozérian;1.0
meurthe-et;1.0
moselle;1.0
llle;1.0
et-vilaine;1.0
challvière;1.0
christophle;1.0
denys;1.0
coudre;1.0
use;1.0
juies;1.0
fleury;1.0
ravarin;1.0
franconie;2.0
charentc-inférieurh;1.0
groussetipaschal;1.0
jumel;1.0
bourdonnaye;1.0
lanne;1.0
ongue;1.0
montebello;1.0
lascombès;1.0
nri;1.0
deux-sèvre;1.0
lehon;1.0
seiue-iuférieure;1.0
legavrian;1.0
basses-pyrénées;1.0
oigne;1.0
levgue;1.0
et-garonne;1.0
maruéjouls;1.0
mézière;1.0
néron-baucel;1.0
périer;1.0
pichon;1.0
isère;1.0
saint-quentin;1.0
gusman;1.0
amaury;1.0
thierrydelanoue;1.0
sainturbain;1.0
vogué;1.0
berry;1.0
carpentier;1.0
risbourg;1.0
coget;1.0
clagny;1.0
gaussat;1.0
-labussière;1.0
-faure;1.0
wei;1.0
-mallez;1.0
retenu;2.0
armez;1.0
enquète;1.0
couchard;1.0
leffet;1.0
pommeray;1.0
ci-dessus;1.0
abstenu;3.0
effectivement;1.0
régulier;1.0
porté;5.0
abroger;1.0
anarchiste;1.0
déclarent;1.0
abstenus;1.0
