;1901-11-23
chambre;75.0
député;7.0
législature;1.0
session;2.0
extraordinaire;3.0
ompte;1.0
rendu;5.0
extenso;2.0
séance;20.0
vendredi;9.0
novembre;16.0
sommaire;1.0
procès-verbal;7.0
jules;13.0
legrand;7.0
arthur;5.0
gland;1.0
rené;3.0
viviani;4.0
barrois;3.0
g-qses;1.0
demande;37.0
congé;11.0
lrage;1.0
sort;5.0
bureau;20.0
prtêsentation;1.0
ministre;135.0
agriculure;1.0
projet;55.0
loi;114.0
relatif;18.0
dessècheiilelt;1.0
étang;10.0
département;31.0
ain;12.0
claration;1.0
urgence;6.0
adoption;4.0
doptioli;1.0
tendant;8.0
autoriser;2.0
ville;10.0
compiègne;3.0
oise;10.0
emprunter;3.0
somme;32.0
imposer;4.0
extraordinairement;3.0
prlis;1.0
considération;4.0
proposition;9.0
georges;13.0
berry;4.0
allouer;2.0
pension;2.0
retraite;3.0
ancien;5.0
militaire;2.0
âgés;2.0
an;11.0
redeeet;1.0
servi;4.0
régime;22.0
suite;23.0
discussion;38.0
interpellation;14.0
niirbonne;1.0
crise;30.0
viticole;7.0
mesure;31.0
gouvernement;58.0
compte;15.0
endre;1.0
atténuer;3.0
hnterpellation;1.0
lasies;32.0
président;42.0
conseil;19.0
prendre;17.0
présence;7.0
menace;3.0
grève;2.0
rurale;2.0
impossibilité;3.0
trouvent;6.0
covuj;1.0
ual;1.0
région;25.0
vitic;1.0
ote;1.0
payer;11.0
impôt;9.0
interpellalaîferre;1.0
pouvernement;1.0
arrêter;4.0
oyr;1.0
expropriation;2.0
produites;4.0
viticoles;10.0
liine;1.0
conséqumce;1.0
mévente;19.0
ninterpellation;1.0
thomson;27.0
rlienoe;1.0
vin;299.0
algérie;49.0
mvi;1.0
alcufle;1.0
agricultupp;1.0
léon;19.0
pommeray;16.0
morinaud;20.0
culture;10.0
bourrat;4.0
adopt;1.0
teaux;1.0
résolution;33.0
bertea;1.0
grand;40.0
nombre;16.0
collègue;33.0
dant;1.0
représentée;2.0
beau;1.0
délégation;6.0
faute;4.0
illustre;2.0
savant;2.0
berthelot;3.0
décret;10.0
iant;1.0
commissaire;5.0
gouvermin;1.0
crt;1.0
assister;7.0
disc;1.0
intérieur;18.0
culte;8.0
buds;1.0
lon;1.0
proj;1.0
portant;3.0
fixation;3.0
budget;7.0
dépense;9.0
recette;5.0
bépôt;1.0
cedépenses;1.0
nmi;1.0
elpuec;1.0
rapport;15.0
nom;14.0
lsslon;1.0
chargée;4.0
examiner;4.0
objet;9.0
étendre;2.0
uvres;2.0
juiùet;1.0
lfie;1.0
application;20.0
éra;1.0
propriété;5.0
artistique;2.0
littéraire;3.0
qlris;1.0
idence;1.0
maurice-faure;2.0
vice-président;1.0
séa;1.0
ouverte;1.0
compayré;2.0
secrétaire;3.0
donne;6.0
juj;1.0
lai;1.0
egrand;1.0
porté;16.0
jourle;1.0
scl;1.0
abstenu;5.0
article;32.0
passage;7.0
pédition;1.0
emprunt;13.0
exj;1.0
chine;8.0
erreur;21.0
matéra;1.0
votô;1.0
mis;11.0
bulletin;3.0
blanc;7.0
urne;3.0
caabn;1.0
hent;1.0
évidemment;3.0
homonymie;1.0
honorable;18.0
manche;5.0
matérielle;3.0
hier;1.0
scrutin;10.0
émission;10.0
rente;9.0
indemnité;8.0
chinois;1.0
déclare;15.0
déposé;10.0
bleu;1.0
voté;31.0
régularisation;7.0
expédition;15.0
déclaration;9.0
motion;3.0
sembat;2.0
ajournement;3.0
observation;11.0
adopté;12.0
excuse;1.0
lemire;1.0
cuneo;2.0
ornano;2.0
excusent;3.0
pouvoir;16.0
jour;37.0
armez;2.0
gayraud;2.0
ridouard;2.0
aucouturier;3.0
simyan;3.0
demandent;4.0
renvoyées;1.0
commission;40.0
tirage;3.0
ordre;27.0
appelle;11.0
procédé;5.0
opération;8.0
lieu;19.0
forme;9.0
habituelle;1.0
présentation;1.0
dessèchement;3.0
agriculture;37.0
dépôt;8.0
jean;3.0
dupuy;3.0
honneur;15.0
déposer;3.0
déjà;16.0
presque;8.0
unanimité;9.0
sénat;5.0
modification;4.0
raison;23.0
question;46.0
procédure;2.0
vouloir;5.0
déclarer;4.0
ordonner;1.0
immédiate;4.0
examen;3.0
immédiat;3.0
constitué;4.0
exercice;7.0
disjoint;1.0
ensuite;11.0
spécial;8.0
rédaction;1.0
soient;8.0
identique;3.0
vote;17.0
nécessaire;23.0
puisqu;5.0
agit;8.0
transformer;2.0
distincte;1.0
texte;6.0
primitivement;1.0
inséré;2.0
mets;6.0
voix;11.0
gence;2.0
mise;8.0
déclarée;2.0
ordonne;2.0
discussiop;1.0
générale;12.0
consulte;2.0
savoir;7.0
entend;2.0
passer;13.0
unique;6.0
consultée;1.0
décide;5.0
desséchés;1.0
exécution;6.0
convention;3.0
passée;2.0
avril;5.0
etat;28.0
concessionnaire;1.0
chemin;20.0
fer;19.0
sathonay;1.0
bourg;1.0
approuvée;1.0
juillet;8.0
pourront;8.0
remis;3.0
eau;10.0
autorisation;2.0
donnée;8.0
arrêté;7.0
préfet;4.0
préfectoral;3.0
prescrira;1.0
frai;24.0
propriétaire;12.0
demandeur;1.0
travaux;12.0
faire;62.0
exploitation;2.0
observer;2.0
éviter;2.0
insalubrité;1.0
soumis;14.0
assec;1.0
périodique;1.0
précédé;2.0
avis;8.0
hygiène;2.0
enquête;1.0
tenue;2.0
réglée;2.0
inclusivement;1.0
octobre;3.0
licitation;1.0
dombes;1.0
favorable;2.0
municipaux;2.0
ledit;1.0
exprimé;1.0
prévu;3.0
cas;11.0
destruction;2.0
précité;1.0
délibération;4.0
général;36.0
infraciion;1.0
prescription;4.0
autorisant;1.0
remise;2.0
office;3.0
ordonnée;1.0
demeure;2.0
restée;1.0
prescrit;2.0
assurer;10.0
libre;5.0
écoulement;6.0
préjudice;3.0
droit;81.0
appartiennent;1.0
administration;19.0
police;1.0
règlement;12.0
vigueur;2.0
intérêt;29.0
local;1.0
art;5.0
lor;1.0
autorisée;2.0
taux;3.0
excédant;1.0
remboursable;1.0
trente-trois;2.0
destinée;4.0
pourvoir;1.0
amélioration;1.0
service;8.0
pourra;4.0
réalisé;1.0
publicité;1.0
concurrence;8.0
gré;4.0
grév;1.0
souscription;2.0
publique;7.0
faculté;3.0
émettre;1.0
obligation;4.0
porteur;1.0
transmissibl;1.0
endossement;1.0
directement;3.0
auprès;4.0
caisse;16.0
consignation;3.0
nationale;8.0
vieillesse;1.0
crédit;18.0
foncier;9.0
france;58.0
condition;14.0
établissement;6.0
ouvrir;3.0
traité;16.0
préalablement;1.0
soumises;8.0
approbation;1.0
partir;3.0
centime;9.0
additionnels;1.0
principal;3.0
contribution;3.0
directes;1.0
produire;6.0
totalité;1.0
rembourser;1.0
capital;2.0
concurremment;1.0
prélèvement;1.0
revenu;1.0
ordinaire;6.0
municipale;1.0
ensemble;2.0
prise;13.0
consideration;1.0
retraité;1.0
initiative;3.0
conclut;2.0
conclusion;7.0
relative;5.0
narbonne;16.0
contribuable;5.0
lafferre;9.0
conséquence;4.0
etienne;8.0
Monsieur;39.0
lorsqu;14.0
aiguë;1.0
intense;2.0
provoquée;1.0
frappe;2.0
classe;2.0
producteur;23.0
aurait;14.0
puérilité;1.0
rechercher;2.0
cruellement;1.0
atteints;2.0
hésiterez;1.0
reconnaître;9.0
situation;24.0
pénible;2.0
dangereuse;1.0
viticulteur;50.0
pays;35.0
douloureuse;2.0
grave;3.0
algérien;28.0
petit;6.0
colon;7.0
sauraient;1.0
posséder;1.0
réserve;2.0
peuven;1.0
a-vgir;1.0
épargne;2.0
accumulée;1.0
carac-;1.0
tère;1.0
véritable;4.0
désastre;1.0
économique;6.0
moment;22.0
profonde;2.0
misère;3.0
montré;5.0
sévère;2.0
égard;3.0
manqué;1.0
reprocher;2.0
ailleurs;10.0
métropole;10.0
engouement;2.0
excessif;1.0
séduisante;1.0
singulièrement;2.0
périlleuse;1.0
éminents;2.0
économiste;2.0
sourire;1.0
pris;19.0
soin;4.0
constater;9.0
passion;1.0
vigne;11.0
sévissait;1.0
peut-être;6.0
exclusive;1.0
reproché;1.0
victime;2.0
imprudent;1.0
surproduction;2.0
devait;4.0
nécessairement;1.0
amener;1.0
extension;1.0
vignoble;21.0
proportion;8.0
comportaient;1.0
besoin;13.0
normaux;1.0
consommation;38.0
présente;2.0
exportation;13.0
blâmer;1.0
entrain;1.0
créer;2.0
naguère;1.0
représentait;2.0
progrès;5.0
remarquables;1.0
résultat;10.0
considérables;3.0
développement;4.0
colonisation;5.0
provoqué;1.0
créé;3.0
supérieur;7.0
ellemême;2.0
sont-ce;1.0
moniteur;2.0
officiel;9.0
ministère;16.0
déterminé;5.0
mouvement;7.0
unanime;3.0
idée;6.0
modeste;3.0
leroy;3.0
doute;6.0
critique;3.0
adresse;2.0
faut;30.0
réalité;18.0
appartient;2.0
salignac-féneion;1.0
entraînés;1.0
dernier;34.0
année;28.0
bonne;8.0
reproche;2.0
souvenir;1.0
circonstance;9.0
a-t-on;3.0
dirigé;2.0
effort;10.0
industrie;25.0
vinicole;7.0
gravement;1.0
menacée;2.0
phylloxéra;3.0
moitié;7.0
production;28.0
globale;1.0
disparu;2.0
convenait-il;1.0
empêcher;5.0
étranger;81.0
fléau;1.0
implanter;1.0
définitivement;1.0
entraver;2.0
reconstitution;4.0
facile;7.0
dut;2.0
recourir;1.0
protection;3.0
fit;1.0
appel;7.0
dévastant;1.0
midi;27.0
précipitait;1.0
heureux;5.0
développé;2.0
ment;6.0
cultivateur;6.0
gard;7.0
hérault;10.0
duvaucluse;1.0
var;5.0
porter;4.0
côté;9.0
méditerranée;1.0
qualité;12.0
précieuse;1.0
connaissance;5.0
chose;9.0
surtoutleur;1.0
goût;2.0
traditionnelle;1.0
constitution;1.0
uvre;5.0
essentiellement;2.0
français;37.0
irès;1.0
exemple;11.0
vivant;1.0
fourni;3.0
méridional;3.0
venaient;3.0
refaire;2.0
terred;1.0
afrique;2.0
détruits;1.0
répète;9.0
insiste;5.0
encouragement;4.0
sollicitation;1.0
richesse;3.0
prononcé;2.0
document;3.0
fut;8.0
rfl;1.0
promptement;2.0
merveilleux;1.0
continué;2.0
découragé;2.0
parc;1.0
obtenus;1.0
reconnu;5.0
naturel;21.0
serale;1.0
concurren;1.0
fâcheux;1.0
dangereux;1.0
pourraient;5.0
contraire;11.0
servir;5.0
adjuvant;2.0
sorte;5.0
parle;4.0
tendu;1.0
pat;1.0
allusion;4.0
félicite;2.0
bouquet;2.0
propre;3.0
justement;3.0
appréciés;1.0
tement;1.0
large;3.0
partie;10.0
pcy;1.0
syndicat;10.0
agricole;12.0
alnréfie;1.0
rôle;4.0
planter;1.0
consonj;1.0
mation;1.0
courante;1.0
leu;1.0
précieux;2.0
remplis;1.0
coupage;3.0
italie;13.0
pagne;2.0
forte;1.0
couleur;1.0
degré;34.0
constate;4.0
dis;6.0
cussion;1.0
intéressante;4.0
sollirlleg;1.0
vrai;6.0
ballcs;1.0
prétention;2.0
gitimes;1.0
remplacer;5.0
produit;70.0
million;41.0
hectolitre;50.0
vog;1.0
recevez;1.0
annuellement;1.0
tammentde;1.0
espagne;15.0
restent;1.0
invenuy;1.0
croyez;1.0
obligé;9.0
adresn;1.0
avons;60.0
cisément;1.0
espagnol;3.0
remplir;1.0
nvl;1.0
sairc;1.0
réaliser;3.0
disparaître;6.0
défectuosité;1.0
fabricat;1.0
réalisés;1.0
citer;6.0
propos;6.0
quelqll;1.0
ligne;4.0
étude;3.0
fort;6.0
renja;1.0
quée;1.0
publiée;1.0
journal;8.0
temps;10.0
indiqué;8.0
nette;2.0
tie;1.0
auteur;5.0
rappelle;4.0
importation;19.0
lotiétions;1.0
recours;6.0
tuer;1.0
légers;1.0
cargaison;1.0
tit;1.0
douane;41.0
dit-il;1.0
interdit;3.0
manileste;1.0
prolonge;1.0
rable;1.0
cei;1.0
ile;1.0
eva;1.0
tunisie;6.0
nue;1.0
ranger;1.0
départeil;1.0
complétant;1.0
parfaite;1.0
apport;1.0
reux;1.0
remonter;2.0
ccugard;1.0
progr;1.0
rapide;3.0
surprenants;1.0
écrit-il;1.0
deviennent;1.0
progressivement;1.0
except;1.0
découvre;2.0
lie;1.0
meilleur;3.0
fur;1.0
mesura;1.0
tle;1.0
vinification;1.0
rationnâmes;1.0
répandent;1.0
derf;1.0
appropriation;1.0
terroir;1.0
opérer;1.0
sélection;1.0
niil;1.0
vip;1.0
liqueur;31.0
crée;1.0
perfectionne-;1.0
disait;4.0
colonie;7.0
dispensent;1.0
point;40.0
vue;16.0
sec;21.0
généreux;2.0
corsés;2.0
chaud;1.0
èra;1.0
étr;1.0
compléter;1.0
ulllsle;1.0
ger;1.0
actuellement;3.0
affronter;1.0
crainte;1.0
poussée;1.0
chaleur;1.0
transport;35.0
voire;1.0
mer;3.0
ilar;1.0
conséquent;5.0
défini;1.0
uonstatés;1.0
réasés;1.0
prix;40.0
sérieux;7.0
sacrifice;2.0
obtenir;11.0
cpo;1.0
orations;1.0
alg;1.0
consacrer;1.0
bénéfice;3.0
recueillis;1.0
cour;11.0
uelques;1.0
campagne;3.0
labeur;1.0
autant;7.0
complètement;7.0
désarmés;1.0
faveur;13.0
actuelle;19.0
incontestaement;1.0
favorables;1.0
capita;1.0
prêté;1.0
élevé;3.0
achat;4.0
matérioi;1.0
onéreux;1.0
lourd;2.0
trouve;10.0
constatation;6.0
remarquable;1.0
chancel;1.0
bône;2.0
plaine;1.0
coteau;1.0
est-il;3.0
dit;22.0
jamais;8.0
atteint;3.0
chiffre;14.0
obtenu;5.0
terrain;3.0
analogue;4.0
climat;1.0
comparables;2.0
obtient;1.0
aide;9.0
main-d;1.0
mère-patrie;1.0
supplémentaires;2.0
exremement;1.0
élevés;6.0
vendant;1.0
din;1.0
oblige;2.0
fourche;1.0
cauines;1.0
compagnie;33.0
navigation;3.0
abusant;1.0
privilège;7.0
syndiqué;2.0
abuser;1.0
ajoutez;2.0
pelut;1.0
tirer;1.0
parti;2.0
possible;16.0
récolte;24.0
demalgré;1.0
formelles;4.0
vnta;1.0
boisson;11.0
hygiéniques;2.0
promesse;4.0
bienveillantes;1.0
teur;2.0
finance;30.0
viticultuyrs;1.0
distiller;7.0
vendanees;1.0
refusé;3.0
çuestir;1.0
lll;1.0
lers;1.0
crû;3.0
tranchée;1.0
egatlons;1.0
financière;5.0
veut;2.0
pré;1.0
atteilon;1.0
conçoit;2.0
risquer;1.0
octroi;8.0
aut;1.0
apporter;5.0
ugtemn;1.0
refuser;1.0
viticulture;34.0
rvt;1.0
serait;19.0
îpa;1.0
difficiles;1.0
traull;1.0
piusiefs;1.0
agricoles;5.0
circulaire;23.0
gouverneur;12.0
géné-;1.0
quàftt;1.0
date;6.0
février;3.0
appj;1.0
bouileurs;1.0
rapportée;1.0
trans;2.0
rmele;1.0
alcool;78.0
taxe;7.0
supplémentaire;1.0
montant;2.0
répartirait;2.0
leon;1.0
elâtre;1.0
nulle;1.0
rem;1.0
pla;1.0
cerait;1.0
tiller;1.0
bolllleurs;1.0
puissent;4.0
çue;1.0
ille;1.0
urs;1.0
disdornainesrafcluse;1.0
domaine;2.0
leurg;1.0
marc;1.0
piquette;2.0
ails;1.0
déelà-a;1.0
tion;6.0
assuj;1.0
ettis;1.0
ccnom;1.0
mrae;1.0
principe;6.0
impose;2.0
attention;7.0
constaté;3.0
décembre;6.0
désirerait;2.0
voir;10.0
amendée;1.0
sens;7.0
libéral;1.0
capacité;2.0
alambic;2.0
réunion;4.0
lesjomices;1.0
groupement;1.0
formulé;1.0
réunies;1.0
alger;6.0
adressées;2.0
devaient;2.0
immédiatement;7.0
voulait;1.0
sauvegarder;1.0
conjurer;3.0
immédiates;3.0
fournir;1.0
avance;17.0
remboursables;1.0
garantie;6.0
commune;14.0
proposées;1.0
indiquées;1.0
assemblée;4.0
exprimés;2.0
accordé;6.0
financier;1.0
commerce;20.0
prorogation;1.0
sursis;1.0
délai;3.0
poursuite;5.0
mobilières;1.0
immobilières;1.0
malheureux;2.0
banque;17.0
paragraphe;5.0
code;2.0
civil;1.0
présentée;2.0
préciser;2.0
terme;10.0
plénière;1.0
subit;1.0
donné;12.0
contracté;1.0
locaux;1.0
procurer;2.0
entraîné;2.0
mécompte;2.0
prient;1.0
saisir;2.0
municipalité;4.0
métropolitain;4.0
convocation;1.0
bref;1.0
délibérer;1.0
pénibles;1.0
menacent;1.0
existence;3.0
émettent;1.0
institution;3.0
accordent;1.0
facilité;3.0
renouvellement;1.0
réalisation;4.0
prochaine;7.0
revoil;2.0
promis;1.0
concours;7.0
tenu;4.0
esprit;3.0
décision;22.0
remercions;1.0
sincèrement;1.0
adressé;4.0
maire;6.0
préparer;1.0
destiné;2.0
avancer;3.0
ressource;4.0
moyen;20.0
pratique;4.0
paru;1.0
consister;1.0
intéressé;9.0
permettrait;2.0
nécessiteux;1.0
seraient;9.0
nature;9.0
numéraire;2.0
explicite;1.0
action;7.0
dépendent;1.0
exercent;3.0
influence;1.0
mal;2.0
prévenir;1.0
ruine;3.0
auraient;8.0
répercussion;3.0
entière;3.0
tâche;3.0
incombe;1.0
représentant;8.0
cause;10.0
efficace;3.0
venir;8.0
consiste;3.0
strictement;1.0
chimiques;1.0
lutte;1.0
maladie;1.0
achetés;2.0
groupe;2.0
répartis;2.0
désignée;1.0
reste;7.0
fond;1.0
provenant;1.0
distribué;2.0
antérieurs;1.0
double;7.0
contracter;1.0
courte;1.0
échéance;2.0
félicitons;1.0
semblable;2.0
fallait;1.0
aller;5.0
pressé;1.0
espère;6.0
trouvera;1.0
prêter;1.0
modéré;1.0
contente;1.0
rappeler;8.0
population;4.0
constantine;2.0
menacées;2.0
sécheresse;1.0
combattre;2.0
mildew;1.0
récemment;4.0
indigène;2.0
famine;1.0
privée;1.0
semence;2.0
apportait;1.0
indispensable;3.0
importantes;3.0
furent;2.0
prêt;6.0
disposition;14.0
affecté;1.0
convient;3.0
intégralement;1.0
remboursés;1.0
convaincu;3.0
saura;3.0
répondre;10.0
départira;1.0
public;20.0
conservera;1.0
sentiment;1.0
coloni;1.0
sation;1.0
souviendra;1.0
programme;2.0
précédent;1.0
directeur;7.0
traçait;1.0
magistralement;1.0
li-gnes;1.0
favorisant;1.0
sagesse;1.0
prudence;1.0
imposée;3.0
facilement;2.0
accessible;1.0
favoriser;2.0
formation;1.0
borner;1.0
pur;4.0
simple;9.0
oil;1.0
nelson-chiérico;1.0
prononçait;1.0
excellentes;1.0
nelsonchiérico;1.0
insistait;1.0
rendre;5.0
peine;4.0
manquer;1.0
mission;1.0
manifestation;3.0
essayer;2.0
songer;2.0
lendemain;1.0
mettre;6.0
garde;6.0
avenir;4.0
associe;1.0
tribune;14.0
préconisées;1.0
allonger;1.0
nécessité;3.0
débat;10.0
long;2.0
orateur;6.0
écouler;2.0
arrivent;1.0
mistelle;70.0
remède;7.0
pouvons;5.0
atteindre;1.0
but;6.0
parla;1.0
concentration;2.0
moût;18.0
loin;6.0
nouvelle;13.0
encourager;1.0
touché;1.0
permettra;2.0
venant;4.0
rapidement;2.0
multiplieront;1.0
débouché;8.0
urgent;1.0
susciter;1.0
impedimento;1.0
fabrication;14.0
encourageât;1.0
laissant;1.0
liberté;3.0
circulation;2.0
contenant;2.0
assimilé;3.0
glucose;1.0
succédané;1.0
réglementation;1.0
difficultùeuses;1.0
également;15.0
faciliter;2.0
dénaturation;3.0
fournirait;1.0
permettant;1.0
inférieur;7.0
pèsent;2.0
marché;13.0
cède;1.0
vil;1.0
précipitant;1.0
avilissement;1.0
marchandise;12.0
formulés;1.0
comice;2.0
demandé;12.0
fussent;5.0
industriel;9.0
employé;4.0
usage;4.0
fût;25.0
exclusivement;4.0
réservée;1.0
expriment;1.0
désir;3.0
appliquer;16.0
bouilleur;4.0
cru;3.0
permets;4.0
appeler;1.0
bienveillance;5.0
enfin;5.0
dois;4.0
signaler;2.0
indiquée;1.0
correspondant;3.0
pourrait;9.0
excellents;3.0
agirait;2.0
obliger;2.0
marchand;4.0
détail;3.0
afficher;1.0
alcoolique;7.0
regard;2.0
met;2.0
vente;12.0
allèche;1.0
trompe;2.0
consommateur;7.0
annonce;2.0
bas;5.0
argent;1.0
gorge;1.0
irrigués;1.0
mouillés;1.0
cuve;1.0
connaisseur;1.0
profite;1.0
tromper;1.0
viande;1.0
bouchers;1.0
indiquer;7.0
sceau;2.0
abattoir;1.0
lre;1.0
élément;5.0
déterminant;1.0
réelle;2.0
cacher;1.0
vend;3.0
pari;17.0
litre;12.0
titrent;2.0
constituent;3.0
débilitante;1.0
mauvais;3.0
conservation;1.0
difficile;8.0
additionne;1.0
généralement;1.0
souvent;5.0
nuisible;4.0
vendre;6.0
constituant;1.0
réconfortante;1.0
ouvrier;1.0
achèterait;1.0
préférence;1.0
fixé;4.0
remarquer;2.0
préconise;1.0
parfois;3.0
guère;1.0
praticable;1.0
propose;4.0
paraît;7.0
moralité;1.0
indiscutable;1.0
délaisser;1.0
résultant;1.0
mouillage;2.0
rechercherait;1.0
résumé;1.0
suffisant;3.0
agrandi;1.0
restitué;1.0
part;25.0
puisse;2.0
prétendre;4.0
estiment;1.0
défense;2.0
suffisamment;2.0
énergique;3.0
opposé;4.0
inertie;3.0
formalité;2.0
tyrannie;1.0
puis;5.0
venue;4.0
briser;1.0
veux;7.0
parler;7.0
connaissez;3.0
savez;7.0
croissante;1.0
cherché;1.0
emploie;2.0
apprendre;1.0
mélange;9.0
fermenté;2.0
incomplètement;2.0
mutés;5.0
servent;2.0
vermout;6.0
imitation;11.0
tlette;1.0
autrefois;3.0
monopole;4.0
grèce;17.0
turquie;13.0
développée;3.0
arrivé;2.0
importer;6.0
chercher;1.0
important;1.0
absorberait;1.0
centaine;3.0
simplement;9.0
voulu;8.0
consentir;1.0
douanier;9.0
arrêtée;2.0
anormal;1.0
irrégulier;1.0
créée;1.0
maintenue;2.0
ministérielle;5.0
décidé;3.0
importées;1.0
justice;5.0
fabricant;10.0
mirent;1.0
adressèrent;1.0
finau;1.0
obtinrent;1.0
admit;1.0
recevoir;2.0
acquittant;1.0
con;3.0
dition;1.0
charge;9.0
indirectes;2.0
existait;2.0
passa;1.0
inaperçue;1.0
livrés;1.0
continuèrent;1.0
supporter;1.0
régie;7.0
tard;1.0
tarif;75.0
décida;1.0
importés;7.0
directe;6.0
assujetti;1.0
introduits;1.0
imitatic;1.0
servations;1.0
qualifiées;1.0
tarifées;1.0
destination;1.0
traitées;3.0
aillent;2.0
sais;7.0
saindoux;1.0
franchise;2.0
destinés;3.0
huile;6.0
olive;3.0
jouit;1.0
détaxe;1.0
fabrla;1.0
savon;2.0
bois;3.0
papetere;1.0
mélasse;2.0
distillation;4.0
etcé;1.0
chacune;1.0
exception;5.0
anomalie;1.0
plaisir;1.0
pull;1.0
exécutif;1.0
vérité;4.0
étrange;2.0
lors;2.0
dou;2.0
nier;1.0
édicté;1.0
janvier;4.0
entendu;4.0
change;1.0
règle;7.0
suivies;1.0
antérieurement;1.0
phrase;1.0
prononcée;1.0
discus;1.0
autorise;1.0
lji;1.0
rdi;1.0
naires;1.0
fait-elbupe;1.0
lusion;1.0
posée;1.0
tribufie;1.0
raynal;2.0
vinq;1.0
cou;1.0
suivie;1.0
saurait;5.0
lierlepar;1.0
lement;1.0
trait;1.0
ihi;1.0
tte;1.0
expliquait;1.0
ette;1.0
citait;1.0
xérès;1.0
porto;3.0
dpa;1.0
traitât;1.0
de-;1.0
vills;1.0
factice;2.0
faisait;5.0
allusinn;1.0
reconnaissez;1.0
vousmlême;1.0
vendange;3.0
-mais;1.0
riîtïiloa;1.0
séparément;1.0
tableau;10.0
annexé;1.0
présenter;3.0
proposlton;1.0
appelât;1.0
indiquions;1.0
pouvaient;3.0
fiction;1.0
administratif;4.0
admis;2.0
reposée;1.0
accueillie;1.0
favorablement;3.0
considérées;3.0
payent;4.0
prévus;4.0
frappent;2.0
entrée;17.0
forment;4.0
devraient;2.0
territoire;6.0
national;1.0
afférents;1.0
constatait;1.0
mélangés;3.0
payassent;1.0
payés;3.0
parenthèse;1.0
entrent;3.0
port;5.0
invariablement;1.0
soi-disant;1.0
joueur;1.0
expéditeur;2.0
alcoolisent;1.0
deré;1.0
exactement;1.0
rlt;1.0
astrpint;1.0
au-dessus;2.0
der;1.0
rapporteur;8.0
passant;1.0
simiar;1.0
ucteurs;1.0
lutter;3.0
conta;1.0
fraude;27.0
entrer;7.0
comn-l;1.0
raisino;1.0
douarn;1.0
demandait;3.0
voter;4.0
dhainbre;1.0
invite;1.0
lluer;1.0
nes;1.0
modifié;1.0
ello;1.0
ler;1.0
conformément;3.0
audit;1.0
parélles;1.0
devront;1.0
acquitter;2.0
séparémpnt;1.0
raisin;39.0
calculés;2.0
géométrique;1.0
posséderait;1.0
imp;1.0
cial;1.0
spéou;1.0
dour;1.0
velmouts;1.0
venu;3.0
devoir;7.0
i-ni;1.0
stres;1.0
banc;18.0
proiet;1.0
frent;1.0
sion;1.0
réolution;1.0
résltation;1.0
proipdamait;1.0
purement;2.0
innovation;2.0
comprends;2.0
parlement;4.0
ait;8.0
modifier;2.0
précisément;5.0
viens;8.0
restées;3.0
heurté;1.0
pouvait;7.0
dépit;2.0
venait;4.0
expédier;1.0
tonne;23.0
est-à-dire;6.0
commettre;1.0
parfaitement;10.0
dédouanés;2.0
mépris;1.0
mar;10.0
maintient;1.0
actuel;6.0
bientôt;3.0
laissé;1.0
ferai;4.0
pesant;3.0
importateur;7.0
payé;13.0
sucre;3.0
apparence;1.0
masqués;1.0
ajouté;2.0
baumé;1.0
densité;1.0
kil;2.0
représentent;1.0
donnent;1.0
différence;4.0
perte;3.0
éprouvée;1.0
trésor;5.0
dédouanement;1.0
illégal;1.0
seul;6.0
chargement;4.0
reviens;1.0
citais;1.0
relativement;2.0
coup;3.0
sûr;2.0
ajouter;4.0
illégales;1.0
avait-il;1.0
frauduleusement;1.0
peut-il;3.0
hésitation;1.0
est-elle;1.0
puissance;4.0
manifeste;1.0
permettez-moi;2.0
envoie;1.0
grec;2.0
prélever;1.0
exportés;1.0
redevance;1.0
appelé;5.0
retenue;8.0
élève;1.0
gardés;1.0
époque;8.0
agit-il;3.0
décrété;1.0
exportateur;3.0
imparfaitement;2.0
matière;6.0
mou;1.0
récente;2.0
société;12.0
fermier;1.0
régler;2.0
emploi;2.0
acheteur;5.0
ministérielles;3.0
athènes;1.0
ministériel;1.0
juin;5.0
permettre;8.0
déposés;3.0
entrepôt;2.0
déclarant;1.0
revient;2.0
serviront;1.0
bourrât;17.0
mettra;1.0
adjudication;1.0
août;2.0
chiffrant;1.0
livre;3.0
tranformer;1.0
chimérique;1.0
compter;5.0
laboratoire;4.0
expertise;3.0
légale;3.0
impuissance;1.0
expert;2.0
différencier;1.0
laissent;1.0
désarmée;1.0
distinguer;2.0
accord;8.0
scientifique;3.0
problème;3.0
insoluble;1.0
suspect;1.0
estimé;1.0
agissait;1.0
laissés;1.0
tige;1.0
maturité;1.0
normale;2.0
addition;2.0
offre;2.0
violée;1.0
tolérant;1.0
abus;3.0
favoriserez;2.0
création;3.0
permettrez;3.0
comparer;3.0
attitude;3.0
tentons;1.0
essayé;3.0
sardaigne;1.0
sicile;1.0
quantité;11.0
trouvaient;1.0
abusives;2.0
majeure;1.0
vinés;1.0
constituaient;1.0
véritables;2.0
véhiculesd;1.0
italien;16.0
pression;1.0
péninsule;2.0
exagérant;1.0
considéré;2.0
suralcoolisés;3.0
prohibitives;1.0
heurtés;1.0
adressée;2.0
agent;4.0
placer;1.0
yeux;5.0
note;2.0
suit;1.0
dénomination;1.0
répertoire;1.0
considérés;1.0
satisfont;1.0
prescrites;1.0
fournissent;1.0
chimie;1.0
expédient;1.0
échantillon;3.0
analyse;4.0
insuffisantes;1.0
lesdits;1.0
prononcer;1.0
sincérité;7.0
présentés;1.0
conformant;1.0
précitée;1.0
spécialement;4.0
défaut;1.0
dudit;2.0
appréciation;1.0
amenée;1.0
comparaison;4.0
composition;1.0
connue;1.0
proviennent;3.0
analysé;1.0
cett;1.0
juger;1.0
composant;1.0
limite;2.0
réciproque;1.0
concerne;9.0
normalement;1.0
sincères;1.0
donner;13.0
complète;5.0
établies;1.0
appendice;1.0
certificat;2.0
origine;4.0
contenir;1.0
indication;5.0
dispenser;1.0
exiger;1.0
bouteille;3.0
fin;3.0
type;2.0
connu;2.0
reproduite;1.0
accompagnent;1.0
transmission;1.0
grâce;6.0
pénétrer;3.0
remercier;1.0
franco-italien;1.0
remarque;1.0
mensuel;1.0
figurent;2.0
comparait;1.0
fournis;1.0
réellement;2.0
considérable;8.0
accusons;1.0
millier;1.0
tout-à-fait;1.0
devenir;2.0
aretés;1.0
vertu;4.0
lire;2.0
exige;1.0
voulant;1.0
faitesvous;1.0
comparez-vous;1.0
arrangez-vous;1.0
repousser;1.0
jugerez-vous;1.0
notamment;6.0
avons-nous;3.0
prend;4.0
empêche;1.0
laissez;3.0
plâtrés;3.0
surplâtrés;2.0
sulfate;1.0
potasse;1.0
frontière;3.0
naturellement;1.0
sontpas;1.0
joue;1.0
incontestable;3.0
accorde;6.0
place;7.0
supériorité;1.0
sévèrement;1.0
gaston;10.0
doumergue;9.0
rigueur;1.0
excessive;1.0
légèrement;1.0
pourrais;3.0
viser;1.0
applique;1.0
spéciale;7.0
consenti;1.0
avez;26.0
prenez;3.0
suralcoc;1.0
isés;1.0
voulez;4.0
interdire;1.0
assurez;1.0
légaux;2.0
reconnue;2.0
rouge;3.0
extrait;2.0
réduit;3.0
présumés;1.0
passez-moi;1.0
tendre;2.0
perche;1.0
toutefois;2.0
présomption;1.0
infirmée;1.0
constitutif;1.0
dégustation;1.0
provenance;2.0
permettront;1.0
établir;5.0
fermentation;4.0
indiquez;2.0
fournit;1.0
dites;2.0
présumée;1.0
arrivez;1.0
démontrer;2.0
accepterons;1.0
acide;2.0
déterminée;1.0
varie;1.0
uniquement;2.0
demandons;11.0
employer;2.0
genre;1.0
méconnaître;1.0
voyons;1.0
apparaissent;1.0
violation;4.0
absolue;1.0
acceptées;1.0
légitime;1.0
aille;1.0
encontre;1.0
devenu;1.0
respect;1.0
légales;1.0
regret;1.0
respectée;1.0
détriment;2.0
exagérer;1.0
amoindrir;1.0
importance;6.0
cité;1.0
présent;7.0
absolument;8.0
rentrer;2.0
traite;2.0
retrouve;1.0
espagn;1.0
calcul;1.0
précis;2.0
abusivement;1.0
intéressant;3.0
chiflre;1.0
portuga;1.0
faible;3.0
représente;4.0
comprend;2.0
marsala;1.0
mdoumergue;1.0
porte;4.0
entravée;1.0
née;2.0
risée;1.0
fabriquerions;1.0
voi;1.0
faisiez;1.0
intention;2.0
insister;1.0
défendu;1.0
pelé;1.0
précédente;2.0
vrolh;1.0
réclamant;2.0
déboue;1.0
los;1.0
protectorat;2.0
cessais;1.0
crois;15.0
citerai;1.0
unisie;1.0
lier;1.0
étroitement;1.0
montrer;4.0
illogique;2.0
élargir;2.0
occupent;2.0
tunisien;2.0
commercial;3.0
régence;2.0
combienil;1.0
profiter;2.0
faite;14.0
convenions;1.0
convenbons;1.0
nettement;2.0
stipulé;1.0
réservées;1.0
prévaloir;1.0
traitement;4.0
nation;2.0
favorisé;1.0
revendiquer;1.0
beylical;1.0
insuiiisant;1.0
oubli;1.0
réduction;6.0
dioit;1.0
pourrions;1.0
laisse;2.0
advalorem;1.0
avantage;3.0
face;3.0
similaires;2.0
valorem;1.0
répond;2.0
affirme;3.0
considéribles;1.0
ire;2.0
paroille;1.0
merue;1.0
écoulemeult;1.0
empêcherez;1.0
reproduire;1.0
tipiii;1.0
vilu;1.0
teurs;1.0
illusion;1.0
saient;1.0
refouler;3.0
érleur;1.0
syr;1.0
énergie;1.0
activité;3.0
inill;1.0
dév;1.0
ahté;1.0
solidarité;1.0
union;1.0
oppent;1.0
comptent;1.0
etat-providence;1.0
demander;9.0
oint;1.0
abandonner;1.0
fermé;3.0
frnement;1.0
luid;1.0
aboe;1.0
tentative;2.0
russie;3.0
amérique;3.0
otre;1.0
pro;2.0
manquera;2.0
esse;1.0
vigneron;3.0
mnu;1.0
organe;1.0
stre;2.0
pirait;1.0
négligé;2.0
vîhî;1.0
satisfaction;6.0
iculture;1.0
malheureuse;1.0
merce;1.0
extérieur;3.0
applaudissement;16.0
ldent-;1.0
vagriculdéro;1.0
ulé;1.0
sdleurs;1.0
vlnt;1.0
gardé;1.0
impressioa;1.0
relati-;1.0
vement;1.0
décrire;1.0
autrement;1.0
trouver;5.0
prompts;1.0
efficaces;2.0
étolinerai-je;1.0
disant;4.0
cesser;1.0
lamentable;1.0
tracé;1.0
description;1.0
souffrance;1.0
exagérées;2.0
occupe;2.0
économie;3.0
épreuve;1.0
cruelles;1.0
réitérées;1.0
subies;1.0
endurent;1.0
dis-je;4.0
sympathie;1.0
consistera;1.0
dégager;1.0
rappellerai;2.0
indiquerai;2.0
appréhension;1.0
pessimiste;1.0
exprimées;1.0
intensité;1.0
malaise;1.0
envisage;1.0
confiance;3.0
jette;2.0
étudie;1.0
histoire;1.0
frappé;5.0
partage;1.0
période;6.0
distinctes;1.0
abondance;5.0
commence;2.0
finir;1.0
déclin;1.0
complet;2.0
considérer;3.0
extrêmement;3.0
abondantes;1.0
rendement;4.0
annuel;1.0
fraction;1.0
arrive;3.0
annuelle;3.0
âge;1.0
troubler;2.0
invasion;2.0
artificielle;3.0
abaissé;1.0
sensible;2.0
moyenne;6.0
tombée;1.0
retranche;1.0
exportées;1.0
déficit;1.0
comblé;1.0
lacune;3.0
comprenant;2.0
restait;1.0
équilibre;3.0
semblait;2.0
adversaire;2.0
surgi;1.0
armagnac;6.0
charente;9.0
betterave;3.0
grain;4.0
salis;8.0
exact;3.0
dressé;1.0
fcorpa;1.0
médical;2.0
lui-;1.0
auxiliaire;1.0
app;2.0
lait;2.0
issi;2.0
présenté;1.0
excellent;1.0
reconstituant;1.0
phase;1.0
phylloxérique;1.0
écarté;1.0
clientèle;1.0
hippocrate;1.0
oui;2.0
galien;1.0
recommande;1.0
minérales;1.0
saturées;1.0
microbe;1.0
thé;1.0
autorisé;4.0
corps;1.0
commis;3.0
expérience;3.0
corn;1.0
mencé;1.0
corriger;1.0
milieu;1.0
difficulté;2.0
reconstitué;2.0
acceptable;2.0
surprise;1.0
récoltés;1.0
arès;1.0
estimation;2.0
stock;1.0
énorme;1.0
plaint;1.0
jourd;1.0
violent;1.0
faut-il;1.0
étonner;2.0
cri;2.0
alarme;1.0
aude;10.0
surpris;2.0
revendication;4.0
excessives;1.0
pense;3.0
ressaisi;1.0
calme;1.0
concitoyen;3.0
jugeront;1.0
impossible;7.0
réclamation;12.0
laisser;5.0
croire;1.0
abandonné;2.0
encouragée;1.0
dégrèvement;3.0
inscription;2.0
reconstituer;1.0
intéressaient;1.0
rappelait;1.0
instant;2.0
davantage;5.0
augmentant;2.0
restreint;1.0
majorité;2.0
jolie;1.0
jumel;5.0
excellente;2.0
coupe;1.0
court;1.0
fraudeur;8.0
arrêtez;2.0
bruit;6.0
tort;4.0
critiquée;1.0
profitable;2.0
élaborée;1.0
gauche;4.0
monis;1.0
contrée;8.0
demandaient;2.0
instance;2.0
réforme;5.0
peut-on;3.0
dégrevé;1.0
généralise;1.0
allégée;1.0
oeuvre;1.0
législative;1.0
profit;5.0
branche;1.0
éprouvé;1.0
volonté;1.0
paul;24.0
dussaussoy;19.0
parlons-en;1.0
vient;3.0
négligée;1.0
prouver;1.0
attentif;1.0
vigilant;1.0
failli;1.0
évoquant;1.0
répondrai;1.0
montés;2.0
soulevé;1.0
législation;4.0
compose;1.0
datant;1.0
votées;2.0
principale;1.0
contribuaient;1.0
sucrage;1.0
glucosage;1.0
replâtrage;1.0
vinage;1.0
plichon;6.0
transporter;3.0
traiterons;1.0
surveiller;1.0
fatiguer;1.0
donnant;1.0
parlez;2.0
prédécesseur;1.0
suivi;1.0
tradition;2.0
montrés;1.0
vigilants;1.0
répression;6.0
monde;2.0
préoccupé;2.0
envisagée;1.0
veille;1.0
allait;1.0
entraîner;1.0
affaissement;1.0
redoublé;1.0
vigilance;2.0
attester;1.0
moindre;5.0
défaillance;1.0
persistance;1.0
collaboration;4.0
toutes-les;1.0
professeur;2.0
départementaux;1.0
allé;1.0
assume;1.0
responsabilité;1.0
jus-;1.0
hésiter;2.0
dénoncer;1.0
parquet;3.0
intermédiaire;2.0
invité;2.0
associer;1.0
louable;1.0
zèle;1.0
condamné;1.0
référé;1.0
requis;1.0
procureur;1.0
interruption;4.0
restreinte;2.0
condamnation;1.0
sévères;2.0
répété;1.0
auriez;1.0
préoccuper;1.0
signalé;2.0
restés;1.0
inactif;1.0
centre;6.0
association;8.0
travail;2.0
résume;2.0
offrir;1.0
envoyé;1.0
septembre;1.0
préparé;1.0
terminais;1.0
lettre;4.0
accompagnait;1.0
contenues;1.0
orientation;1.0
ajoutais;1.0
tient;2.0
renseignement;4.0
complémentaire;1.0
agence;1.0
res;1.0
surdivers;1.0
objection;3.0
argument;8.0
foute;1.0
théorique;1.0
dépendance;1.0
espérer;1.0
introduire;1.0
appréciable;1.0
viennent;3.0
développer;2.0
dirai;3.0
réussi;1.0
bonheur;1.0
-syndicats;1.0
relation;2.0
coopérative;1.0
pro-;1.0
ducteurs;2.0
lef;1.0
contribué;2.0
gions;1.0
nord;33.0
ouest;7.0
apanage;1.0
privilégié;2.0
traitée;1.0
amplement;1.0
dani;1.0
barrique;2.0
feuillette;1.0
enregistré;1.0
chiffrent;1.0
diminution;5.0
unification;1.0
réseau;15.0
satisfaire;2.0
moin;1.0
supprimer;3.0
suspendre;1.0
perception;1.0
souffrent;1.0
pareil;1.0
lèserait;1.0
intéressants;3.0
acte;5.0
spoliation;1.0
injustice;1.0
fisc;2.0
clémente;1.0
bienveillante;1.0
recouvrement;3.0
arriver;5.0
consulter;1.0
verrez;1.0
pareille;1.0
pensé;2.0
adoucissement;1.0
qua;1.0
informer;1.0
quii;1.0
éprouvés;1.0
recommandé;1.0
recommanderai;1.0
trésorier;1.0
receveur;1.0
percepteur;1.0
preuve;4.0
modération;3.0
recrutement;1.0
bénite;1.0
donnez;2.0
voulons;1.0
nu-;1.0
nistre;1.0
expri;1.0
suspendit;1.0
apportât;1.0
créance;2.0
efl;1.0
instit;1.0
nomme;1.0
indépendant;1.0
actionnaire;3.0
soumise;1.0
contrôle;3.0
conférés;1.0
débiteur;4.0
oute;1.0
accueillies;1.0
garant;1.0
intérd;1.0
poursuivre;5.0
expropriant;1.0
dornllles;1.0
objectif;1.0
deandé;1.0
suspension;1.0
chéances;1.0
heureusement;2.0
sollicitude;4.0
exercer;3.0
répondu;5.0
intervenir;3.0
savais;1.0
tribunal;3.0
litige;1.0
créancier;1.0
signalait;1.0
demandant;3.0
recommander;1.0
équité;1.0
magistrat;1.0
conclure;2.0
denis;5.0
guibert;4.0
dépend;1.0
acçomplie;1.0
jourde;5.0
voulez-vous;4.0
ouvert;3.0
négociation;2.0
léiuctions;1.0
autriche;1.0
prohibitifs;2.0
ininistre;1.0
négocie;1.0
suiei;1.0
nlle;1.0
qupi;1.0
supposer;1.0
ngociations;1.0
entamées;1.0
croirain;1.0
eues;1.0
ous;2.0
obtenions;2.0
concession;2.0
recevrions;1.0
titre;2.0
gratuit;1.0
devrions;1.0
acheter;2.0
comte;25.0
périer;7.0
larsan;7.0
blé;12.0
protturane;1.0
faudrait;1.0
loillllsme;1.0
oure;1.0
ruinent;1.0
tuent;1.0
renouveller;1.0
gent;1.0
mmeq;1.0
impogsi;1.0
imlportantes;1.0
viticulurs;1.0
ubventim;1.0
lar;1.0
bance;1.0
refusez;1.0
ibvelltions;1.0
régionales;2.0
iitre;1.0
réponse;3.0
sun;1.0
pie;1.0
organisé;1.0
firmi;1.0
jambe;2.0
fae;1.0
cautère;1.0
ministre-;1.0
mutualité;1.0
baih;1.0
constituée;1.0
légalement;1.0
régionale;2.0
montpellier;1.0
reçu;4.0
ordonnancement;1.0
dérisoire;1.0
disposez;1.0
négocié;2.0
active;1.0
semble;2.0
insuffisante;1.0
parer;2.0
constituer;1.0
déposées;1.0
fonctionnent;1.0
créent;1.0
gailhard-bancel;4.0
refusez-vous;1.0
subvention;2.0
comprennent;1.0
locale;3.0
organisées;1.0
adressent;1.0
adresser;3.0
pardon;2.0
assurance;1.0
mortalité;1.0
bétail;1.0
expliquerai;1.0
fonctionne;1.0
observe;1.0
estime;5.0
observez;1.0
disais;1.0
inspirait;1.0
inquiétant;1.0
fonde;1.0
atteignant;1.0
allez;5.0
restera;3.0
excédent;2.0
atteindra;1.0
acquis;1.0
issus;1.0
suppression;7.0
dépassé;1.0
ftrès;1.0
usent;1.0
douteux;2.0
atteindrons;1.0
dépasserons;1.0
oublier;2.0
consommaient;1.0
commencé;1.0
boire;2.0
baissé;1.0
assertion;1.0
manifestement;1.0
inexacte;1.0
touchons;1.0
surcroît;1.0
reconquérir;1.0
prestige;1.0
accroîtra;1.0
méthodiquement;1.0
aboutir;1.0
impitoyablement;1.0
émises;1.0
multiple;1.0
joins;1.0
exprimer;1.0
espoir;1.0
appliquée;3.0
lira;1.0
soyez-en;1.0
discours;3.0
substan-;1.0
tiel;1.0
maintenir;7.0
régulièremem;1.0
-je;1.0
permettais;1.0
dirais;1.0
rompre;1.0
soucieux;1.0
solution;4.0
négliger;3.0
préoccupation;1.0
grosse;3.0
malheureui;1.0
convaincre;1.0
sélectionnant;1.0
cépage;2.0
attachant;1.0
gros;2.0
dujardin-beaumetz;3.0
entendez;2.0
commise;1.0
sortira;1.0
enseignement;2.0
salutaire;1.0
rencontre;2.0
conservés;1.0
infériorité;1.0
coïncide;1.0
extrême;1.0
produisent;2.0
seuls;1.0
tiers;2.0
totale;1.0
exagéré;1.0
augé;7.0
volontiers;2.0
augél;1.0
climatériques;2.0
permettent;1.0
nomenclature;1.0
départements-où;1.0
cassé;1.0
touche;1.0
spécialisation;1.0
ajouterai;2.0
quelquefois;1.0
ouvements;1.0
démontrerons;1.0
singulière;1.0
réclame;2.0
impartiaux;1.0
préférons;1.0
bourgogne;1.0
membre;10.0
bordeaux;6.0
protestons;3.0
rire;4.0
protesté;1.0
veuillez;1.0
indiquait;1.0
analogie;1.0
manque;2.0
air;2.0
lumière;1.0
défavorables;1.0
aborde;1.0
intéresse;2.0
second;1.0
utilisation;5.0
éclairage;5.0
chauffage;5.0
motrice;3.0
convaincue;1.0
distillateur;4.0
sucrier;1.0
aurions;2.0
genièvre;1.0
pénétré;1.0
efficacité;1.0
éventuelle;1.0
compétence;1.0
autorisées;1.0
composée;2.0
ignoré;1.0
travaillé;1.0
traduite;2.0
tangible;1.0
hommage;2.0
connaître;4.0
obtenais;1.0
recherche;1.0
dénaturant;1.0
vert;2.0
malachite;1.0
réclamée;1.0
vain;1.0
demandée;1.0
votée;5.0
supprimant;2.0
inscriviez;1.0
alloué;1.0
prime;4.0
à-la;1.0
ajoute;1.0
coûtait;1.0
récupérée;1.0
flegme;1.0
consécration;1.0
remarqué;1.0
statistique;1.0
courant;1.0
augmentation;8.0
dénaturé;1.0
sanction;1.0
parlais;1.0
organisation;1.0
moment-ci;1.0
palais;1.0
fonctionnement;1.0
jury;1.0
surveillé;1.0
succès;3.0
avion;5.0
osé;1.0
décisif;1.0
rencontrerons;1.0
pouvez;1.0
attendre;1.0
saurions;2.0
voisin;2.0
largement;2.0
liquide;1.0
pétrole;3.0
faudra;3.0
consommons;1.0
continuer;1.0
prospérer;1.0
affirmer;2.0
témérité;1.0
éloignée;1.0
allemagne;1.0
utiliserons;1.0
descendre;1.0
voudrais;1.0
contribueront;1.0
rétablir;1.0
rompu;1.0
diminué;2.0
accroissement;2.0
surveillance;1.0
tébeaucoup;1.0
relevé;2.0
méraire;1.0
artificiellement;1.0
rassurant;1.0
dé-;1.0
insuffiante;1.0
parlé;3.0
gehéra;1.0
pénal;1.0
trouvé;1.0
travers;1.0
particulières;2.0
impuissante;1.0
condamne;1.0
tromperie;4.0
natur;1.0
vendu;4.0
combler;1.0
séiwt;1.0
étendu;1.0
généralisé;1.0
fortifié;1.0
aggravé;1.0
nalités;1.0
borne;2.0
ner;1.0
espèce;1.0
orig;1.0
bie;1.0
sitions;1.0
étiquette;1.0
trompeur;1.0
gerville-réache;2.0
cellente;1.0
tôt;4.0
délit;1.0
livrer;1.0
iivrer;1.0
polir;1.0
eau-de-vledra;1.0
cognac;4.0
vendt;1.0
rectifiés;1.0
sciée;1.0
distillerie;1.0
gers;9.0
roy;2.0
loulay;2.0
demandez;2.0
cli;1.0
bre;2.0
considère;1.0
trè;1.0
agf;1.0
turede;1.0
projes-;1.0
prie;2.0
sieur;2.0
approbatiod;1.0
langage;2.0
approb;1.0
permettez-;1.0
charnu;1.0
solliciterai;1.0
appui;1.0
fol;1.0
chaine;1.0
statuerez;1.0
dre;2.0
codi;1.0
dissements;2.0
trannoy;2.0
coir;1.0
cel;1.0
jet;2.0
plr;1.0
soutenir;2.0
voudra;3.0
fixer;1.0
indicé;1.0
rencontrera;1.0
urlj;1.0
lauraine;2.0
fraudeii;1.0
dira;4.0
rigoureuse;1.0
répondrons;1.0
contradicteur;1.0
répre-;1.0
honnêtes;1.0
geuds;1.0
livrent;2.0
plaudissements;1.0
fini;2.0
ter;1.0
voulais;2.0
pellations;1.0
termine;2.0
coiï;1.0
affirmant;1.0
culteurs;2.0
sera-t-elle;1.0
jdoo;1.0
j-iuuffisante;1.0
aefont-clles;1.0
restreintes;1.0
atlôste;1.0
reposent;1.0
uûô;1.0
apportes;1.0
promettre;1.0
eût;4.0
ete;1.0
heurter;2.0
politique;5.0
engagement;3.0
irréalisables;1.0
déception;2.0
pire;1.0
ejow;1.0
utes;1.0
antidémocratique;1.0
antirépublicain;1.0
rappel;3.0
naronne;1.0
interprétaaruon;1.0
proposer;1.0
soumettre;3.0
abonde;1.0
fasse;3.0
reprendre;2.0
argumentation;1.0
vraiment;3.0
interprété;1.0
interpellateur;1.0
répliquer;1.0
interpellé;2.0
close;1.0
ayons;1.0
trancher;1.0
exposé;2.0
permettez;1.0
ent;1.0
expliquer;1.0
interprétation;1.0
confusion;1.0
proulte;1.0
cold;1.0
entique;1.0
adresée;1.0
oupctf;1.0
ion;1.0
dévemai;1.0
inscrire;2.0
tais;1.0
priorité;1.0
inscrit;3.0
applaudissenienis;1.0
jugé;1.0
oiit;1.0
occupé;1.0
fauteuil;1.0
îuffp;1.0
écourté;1.0
forcément;1.0
pomineray;1.0
fuis;1.0
prochain;3.0
intoîrf;1.0
peiui;1.0
ation;1.0
collèsont;1.0
arbonne;1.0
vptt;1.0
greffer;1.0
lent;1.0
iné;1.0
impatient;1.0
mévellt;1.0
exister;1.0
ine;1.0
remplacesont;1.0
boistaïsa;1.0
enlevée;1.0
gisant;1.0
prénom;1.0
eufs;1.0
tiorirnrne;1.0
distilla;1.0
lsseinents;1.0
pesé;2.0
aujouruui;1.0
noiia;1.0
trouvons;2.0
nvendues;1.0
insuffi-;1.0
santes;1.0
inacceptables;1.0
existent;2.0
charentes;3.0
représenter;2.0
fortifiât;1.0
abaissement;3.0
attendiez;1.0
prédit;1.0
rançon;1.0
inefficace;1.0
doublement;1.0
prévision;1.0
budgétaires;1.0
tour;6.0
interprète;1.0
chaleureux;1.0
triompher;1.0
apporte;1.0
thèse;1.0
vainement;1.0
soutenue;1.0
monté;1.0
retenir;1.0
léonpommeray;1.0
tentés;1.0
secourable;1.0
devonsnous;1.0
accablante;1.0
barrière;1.0
abaissée;1.0
surélevées;1.0
valables;1.0
retourner;2.0
accompli;1.0
consentis;2.0
restera-t-il;1.0
emprunté;1.0
pressants;1.0
avilis;1.0
au-dessous;1.0
eau-de-vie;13.0
préfère;1.0
spiritueux;3.0
boit;1.0
succombons;1.0
solidariser;1.0
prosper;2.0
gervais;3.0
congrès;1.0
méconnu;1.0
mobile;1.0
contesté;2.0
autorité;1.0
indivisible;2.0
établi;6.0
malentendu;1.0
véritablement;1.0
réfléchissant;1.0
contradictoires;1.0
distillez;1.0
dit-on;1.0
offrez;1.0
formé;1.0
pis-aller;1.0
obstacle;1.0
multiplient;1.0
accumulent;1.0
autour;1.0
exorbitants;1.0
entrave;3.0
apportées;1.0
déloyale;1.0
jetterons-nous;1.0
mar-;1.0
ché;1.0
augmentera-t-ette;1.0
nsr;1.0
eherchons;1.0
concurrencer;1.0
mieux;3.0
jaloux;1.0
applaudissons;1.0
devenus;2.0
serez;1.0
réclamer;2.0
abolition;1.0
souffrons;1.0
possèderont;1.0
saveur;1.0
arriveront;1.0
écarter;1.0
chimiste;1.0
neutre;2.0
fait-on;1.0
entrevoient;1.0
déclarent;2.0
élevant;1.0
moussan;1.0
exposent;1.0
rappellent;1.0
languedoc;1.0
arraché;1.0
successivement;1.0
olivier;1.0
renoncé;1.0
hâte;1.0
détenir;1.0
record;1.0
vite;1.0
conviction;2.0
naï-re;1.0
traversant;3.0
relever;3.0
réclament;2.0
draconienne;1.0
est-ce;5.0
li;2.0
vieilli;1.0
aeux;1.0
supplanter;1.0
noble;1.0
saleté;2.0
débit;1.0
abominable;1.0
permettez-vous;1.0
certainement;1.0
trois-six;3.0
enlevés;1.0
jeu;1.0
acquit;1.0
utilisés;1.0
acquièrent;1.0
seconde;2.0
remplace;2.0
substitue;1.0
aromatiser;1.0
ansolument;1.0
explication;2.0
souhaite;1.0
fassiez;1.0
serons;2.0
énergiquement;1.0
contentent;1.0
retenu;1.0
illicitement;1.0
discréditent;1.0
généralité;1.0
dei;3.0
llits;1.0
détournent;1.0
censommateur;1.0
méfiant;1.0
aggravent;1.0
prèiiu;1.0
frappez;1.0
usez;1.0
tracasserie;1.0
inutiles;2.0
vis-à-vis;3.0
honnête;1.0
commerçant;1.0
loyal;1.0
faciles;2.0
déterminer;2.0
réprimer;1.0
frauduleuses;1.0
ministériels;1.0
doive;1.0
sauveur;1.0
providentiel;1.0
théorie;1.0
protester;2.0
partout;3.0
souhaitons-nous;1.0
répondant;1.0
sommation;2.0
adressés;1.0
secours;1.0
retourne;2.0
couvrir;1.0
souffre;2.0
démontré;2.0
soudée;1.0
bfen;1.0
connaît;2.0
plu;1.0
possède;1.0
fortune;2.0
suivre;3.0
appréhender;1.0
péril;1.0
arrondissement;1.0
décernait;1.0
fier;1.0
récompense;1.0
désastreux;2.0
toucher;1.0
remédier;2.0
cessant;1.0
profession;1.0
compatibles;1.0
enserrer;1.0
abusifs;1.0
incessants;1.0
infaillibles;1.0
députation;2.0
entretenait;3.0
regrette;4.0
montrait;1.0
disposé;2.0
accueillir;4.0
raisonnables;1.0
trahis;1.0
secret;3.0
amenés;1.0
approvisionné;1.0
pouvant;1.0
jnontré;1.0
réduire;1.0
vivement;2.0
volume;3.0
exacts;1.0
incapacité;1.0
voudrait;1.0
prévenu;1.0
recensement;2.0
effectuerait;1.0
voulue;1.0
tenir;2.0
fixe;1.0
chauffe;1.0
registre;1.0
mentionnant;1.0
distillée;1.0
signalerait;1.0
chai;1.0
restant;1.0
étatde;1.0
procéder;1.0
disparaît;1.0
lésé;1.0
convenu;1.0
chef;3.0
attendons;1.0
affirmation;1.0
rassurerait;1.0
entreprendre;1.0
conscience;1.0
fiscale;1.0
prier;1.0
commerciale;2.0
discrédit;1.0
marque;4.0
transaction;1.0
impunément;1.0
circulent;1.0
falsifiés;1.0
jugeant;1.0
enveloppe;1.0
réprobation;1.0
revenir;1.0
authentique;4.0
sain;1.0
audacieusement;1.0
imité;1.0
contrefaçon;1.0
exerce;1.0
répand;1.0
consistance;1.0
inquiétante;1.0
incomplète;1.0
falsification;1.0
signalés;2.0
enjoint;1.0
diplomatiques;1.0
consulaires;1.0
allégation;1.0
appellerai;1.0
éveil;1.0
défendre;3.0
commettent;1.0
accès;1.0
allié;1.0
parlerez;1.0
dégagé;1.0
alcoolisme;1.0
gérald;5.0
oul;1.0
artificiel;1.0
antihygiénique;1.0
détourne;1.0
assurément;2.0
souligner;1.0
rîr;1.0
lègues;1.0
rninie;1.0
tre;2.0
due;1.0
décidant;1.0
exposition;1.0
core;1.0
appareil;1.0
moteur;1.0
automobile;1.0
pont;2.0
fap;1.0
espérons-le;1.0
tardera;1.0
repoussera;1.0
retiens;1.0
sait;2.0
étadw;1.0
distinction;2.0
cation;2.0
viendra;1.0
attendotl;1.0
denrée;1.0
alimentaires;1.0
aprè;1.0
différentiel;1.0
brication;1.0
vie;1.0
prendra;2.0
tfv;1.0
conjuret;1.0
acculés;1.0
jecté;1.0
difficilesis;1.0
cro;1.0
qosil;1.0
ble;1.0
confian;1.0
frappe-t-on;1.0
fab;1.0
certa;1.0
rer;1.0
boursable;1.0
livré;2.0
mandez-vous;1.0
nalité;1.0
rie;2.0
pomiilera;1.0
versé;3.0
viticultc;1.0
respectable;1.0
subventi;1.0
inconnu;1.0
viti;1.0
bso;1.0
rester;2.0
abse;1.0
lument;1.0
soutenons;1.0
surabondance;1.0
commun;7.0
icld;1.0
combattu;1.0
violemment;1.0
lqu;1.0
soutenu;1.0
stèvement;1.0
corollaire;1.0
apparaît;2.0
expression;2.0
dignes;1.0
si-fermes;1.0
orage;1.0
désespéré;1.0
renouvelé;1.0
consultation;1.0
récentes;1.0
coalisé;1.0
sauvegarde;1.0
moj;1.0
lllaud;1.0
rassurez-vous;1.0
entretenir;1.0
profitera;1.0
dérive;1.0
autonomie;2.0
hardie;1.0
colons-viticulteurs;1.0
réunis;1.0
proposé;2.0
dpcisions;1.0
asemblées;1.0
convoqués;1.0
extrarrdinairement;1.0
appartiendra;1.0
accepter;2.0
proa;1.0
banndjiitl;1.0
sanctionnpr;1.0
départementale;2.0
jji;1.0
rapporte;2.0
accueilliez;1.0
traiter;1.0
inf;1.0
ouanes;1.0
résoluon;1.0
parlait;1.0
endredi;1.0
darnier;1.0
proeosltlon;1.0
exposées;1.0
observations-;1.0
hond;1.0
trnès;1.0
déféré;1.0
îen;1.0
tuséquence;1.0
aider;1.0
pèse;1.0
signale;2.0
eorésentants;1.0
déplorable;3.0
donnait;1.0
commencement;2.0
établirai;1.0
fermer;1.0
véhicule;1.0
allemand;3.0
sirop;2.0
éprouvées;1.0
interviens;1.0
manière;1.0
précise;1.0
présentées;1.0
décisives;1.0
lafterre;1.0
applique-t-elle;1.0
formés;1.0
subi;2.0
explique;1.0
pressez;1.0
récipient;1.0
fermenter;1.0
projetez;1.0
obtiendrez;1.0
muté;1.0
fabrique;1.0
fabriqué;1.0
clarté;1.0
notré;1.0
possibles;1.0
imaginables;1.0
faisions;1.0
intérieure;1.0
extérieure;1.0
viennent-elles;1.0
faiblesse;1.0
montrée;1.0
omises;1.0
està-dire;1.0
produisait;1.0
vermouthiers;1.0
firent;2.0
démarche;1.0
décréter;1.0
payant;2.0
imposé;1.0
protestation;5.0
danger;1.0
vermouth;4.0
seule;4.0
perpétuer;1.0
abri;1.0
dénoncés;1.0
démontrés;1.0
-ce;1.0
étale;1.0
soleil;1.0
trouvez;1.0
existe;3.0
remettent;1.0
magasin;1.0
procède;1.0
officiellement;1.0
iraporte;1.0
moûu;1.0
alcoolisés;1.0
introduit;1.0
fron;1.0
tières;1.0
indis;1.0
pensables;1.0
proje;1.0
appliqué;7.0
injustifiées;1.0
disparussent;1.0
cesse;1.0
demanderons;1.0
espérons;1.0
votera;1.0
décidera;1.0
soulever;1.0
protesteront;1.0
envoyer;2.0
flotte;1.0
suffira;2.0
mobiliser;1.0
not;1.0
aurons;1.0
eut;1.0
vitable;1.0
base;4.0
protestataire;1.0
invoquer;2.0
vat-il;1.0
similaire;1.0
suffit;2.0
énonser;1.0
arrivions;1.0
intervient;1.0
quotité;1.0
afférente;1.0
parfait;3.0
continue;2.0
pouvez-vous;1.0
admettre;1.0
maintien;2.0
inadmissible;1.0
échange;2.0
rebours;1.0
internationale;1.0
statu;1.0
quo;1.0
jouissons;1.0
maintenez;1.0
français-et;1.0
additionnés;1.0
connues;1.0
écoute;1.0
caf;1.0
donnerait;1.0
devon;1.0
opposition;8.0
affaire;10.0
protecteur;1.0
heurtons;2.0
surimposer;1.0
dépouiller;1.0
permettezmoi;1.0
incitent;1.0
saisi;2.0
intégralité;1.0
proposait;1.0
tranquillement;1.0
fancien;1.0
disait-on;1.0
vivre;3.0
intelligence;2.0
brouiller;2.0
saint;2.0
douce;1.0
méritait;1.0
rejeté;1.0
renouvelée;1.0
bizarre;2.0
prenons;2.0
protéger;3.0
restaurer;1.0
graine;3.0
oléagineux;3.0
exotiques;1.0
actuels;2.0
végétales;2.0
acceptez;1.0
êtes;1.0
franco-américain;2.0
repoussé;1.0
fantôme;1.0
empêché;2.0
établissant;1.0
oppose;3.0
avouons;1.0
abusif;1.0
savez-vous;1.0
servira;1.0
édification;1.0
comparatif;1.0
respectivement;1.0
pied;4.0
égalité;1.0
saumur;1.0
mousseux;1.0
malaga;2.0
madère;2.0
champagne;1.0
tarit;1.0
prohibitif;2.0
croyons;1.0
inégalité;2.0
criante;1.0
fuite;1.0
tionale;1.0
réciprocité;1.0
étran;2.0
demandons-nous;1.0
exces;1.0
sif;1.0
sollicitons;1.0
votant;1.0
remontent;1.0
rcnseigne;1.0
existaient;1.0
passe;1.0
jection;1.0
prene;1.0
résiste;1.0
sonunes;1.0
duit;1.0
attaque;1.0
doua;1.0
nières;1.0
vendons;1.0
tromp;1.0
balance;1.0
ail;2.0
nistère;1.0
vache;1.0
représaille;3.0
crauli;1.0
appliquons;2.0
géné;1.0
importé;2.0
lion;1.0
exportons;3.0
francs-pour;1.0
eue;1.0
franc;6.0
dais;1.0
confo;1.0
écfl;1.0
rta;1.0
lijlpo;1.0
tions;1.0
craindre;2.0
fle;1.0
réfugie;1.0
cet-;1.0
frappant;1.0
gêner;1.0
examinons;1.0
délégué;3.0
prié;1.0
entendre;2.0
appliquez;1.0
samos;9.0
rit;1.0
disent-ils;1.0
inontant;1.0
employait;2.0
déléués;1.0
dails;1.0
jugeait;1.0
oiei;1.0
subir;3.0
rance;1.0
sanin;1.0
soif;1.0
enxta;1.0
quart;1.0
frariçais;1.0
écart;2.0
trouveront;1.0
protégé;1.0
résoelan;1.0
exclamation;1.0
comprenez;1.0
admissible;1.0
olutnent;1.0
sollicitée;1.0
lable;1.0
savent;1.0
cate;1.0
parhculière;1.0
délicat;1.0
partagé;1.0
protectionniste;1.0
balane;1.0
ées;1.0
efforcé;1.0
gale;1.0
cettoet;1.0
réussir;1.0
reconnaîtrez;1.0
saurais;1.0
responsable;1.0
pouvions;1.0
acception;1.0
brèche;2.0
proclamé;1.0
disaient;1.0
inadmissibles;1.0
catégorie;2.0
touchée;1.0
luxe;5.0
plaindre;3.0
reviendrai;1.0
augmenterait;1.0
payerait;1.0
augmenté;3.0
fabriquent;1.0
définitive;2.0
aggravée;1.0
payeront;1.0
vtns;1.0
augmentées;2.0
attire;1.0
supporteront;1.0
excessivement;1.0
uestion;1.0
jugée;3.0
consacrées;1.0
hésitera;2.0
appli-;1.0
quer;1.0
agonise;1.0
susceptible;1.0
profondément;1.0
regrettable;1.0
imprévoyance;1.0
perdue;1.0
pourrons;2.0
placemeni;1.0
uri;1.0
invitant;1.0
résobtion;1.0
adoptant;1.0
proposons;1.0
direz;2.0
mort;1.0
respectées;1.0
détresse;1.0
intervention;2.0
aurais;4.0
poser;2.0
morel;2.0
lille;4.0
êtro;1.0
importante;1.0
posé;1.0
tenais;1.0
exposer;1.0
honorables;2.0
vise;1.0
vendent;1.0
quelques-unes;1.0
formées;1.0
ennemi;1.0
caillaux;2.0
exercée;1.0
ferez;1.0
patente;2.0
négociant;1.0
suppose;1.0
bar;1.0
quelquesunes;1.0
permette;2.0
indirects;1.0
inviter;3.0
lyonnais;1.0
modérer;1.0
contenterai;1.0
rouvier;2.0
hésité;1.0
sauver;2.0
comptoir;1.0
escompte;1.0
a-t-il;1.0
agriculteur;3.0
garantir;1.0
dividende;1.0
permis;1.0
majorer;1.0
interviendrait;1.0
lecture;5.0
sadi-carnot;2.0
déposait;1.0
rachat;4.0
assureur;1.0
chargé;2.0
réparer;1.0
commises;1.0
contrat;1.0
intervenu;1.0
entier;3.0
engagé;2.0
sauvé;1.0
périr;1.0
-pour;1.0
partagent;1.0
générosité;1.0
dicté;1.0
voyez;3.0
récent;1.0
hésitait;1.0
angleterre;1.0
tiennent;1.0
conviens;1.0
envisager;1.0
intime-;1.0
liée;1.0
djà;1.0
discutée;2.0
quelques-uns;3.0
couyba;2.0
ricard;4.0
dubief;2.0
décroissante;2.0
accorder;2.0
clause;6.0
restrictives;5.0
léthier;1.0
déclarait;1.0
partielle;1.0
identité;1.0
groupage;1.0
grouper;1.0
barème;4.0
empêchant;1.0
montaut;1.0
fil;1.0
regretté;1.0
vulgaire;1.0
vitesse;1.0
acquise;1.0
cataclysme;1.0
produise;1.0
brève;1.0
remédie;1.0
sérieusement;1.0
réalisables;1.0
urgentes;1.0
reviser;1.0
primordial;1.0
poignant;1.0
divisés;1.0
série;4.0
spéciaux;3.0
na-;1.0
vigation;1.0
transit;3.0
série-;1.0
serie;1.0
apprendrai;1.0
dédale;1.0
répondra;2.0
renferment;1.0
sut;2.0
orléans;6.0
accepté;1.0
mentionner;1.0
acceptent;1.0
kilogr;11.0
accepte;1.0
wagon;6.0
transporte;3.0
transportait;1.0
permettrai;1.0
numéro;1.0
kilom;2.0
rnctnq;1.0
perpignan;19.0
lof;1.0
béziers;2.0
carcassonno;1.0
nîmes;2.0
valence;1.0
drôme;7.0
beaùne;1.0
gray;2.0
mâcon;2.0
deblaye;1.0
emprunte;1.0
rail;1.0
léans;1.0
coutras;1.0
ressortir;2.0
dine;1.0
rence;1.0
distance;6.0
pilix;1.0
parcours;1.0
plux;1.0
kilomètre;14.0
kilométrique;2.0
brest;3.0
saint-malo;2.0
gran-;1.0
cherbourg;2.0
annexe;1.0
soudé;2.0
ing;1.0
nancy;7.0
soudés;1.0
perpignau;1.0
pagny-sur-moselle;1.0
besançon;3.0
barême;1.0
bercy;1.0
ercy;1.0
établissait;1.0
vinicoles;1.0
gare;2.0
henri;6.0
côte-d;5.0
transporté;1.0
erpignan;1.0
retour;8.0
vide;12.0
battait;1.0
assisté;2.0
spectacle;1.0
supposant;1.0
vendraient;1.0
atteindrait;1.0
précédemment;1.0
entretenais;1.0
abrogées;1.0
homologation;1.0
avantager;1.0
dessert;1.0
céder;1.0
voudra-t-il;1.0
restrictive;1.0
gironde;12.0
insisté;1.0
abrogation;1.0
homologuée;1.0
retard;1.0
presse;1.0
écho;1.0
plainte;1.0
attribue;1.0
compag-nie;1.0
adopter;1.0
voeu;1.0
signé;2.0
delboy;1.0
fera;2.0
oco;1.0
ïiilogr;1.0
voit;1.0
voyagent;1.0
rendiez;1.0
dirigées;2.0
embouchure;1.0
fleuve;2.0
profitent;1.0
source;1.0
lanouvelle;1.0
kilomëtres;1.0
-le;1.0
payons;1.0
neussargues;3.0
dirigée;1.0
accessoire;1.0
censée;1.0
pagnysur-moselle;1.0
fri;1.0
comité;1.0
consultatif;1.0
noblemaire;1.0
demanda;1.0
uniformément;1.0
saint-louis;1.0
marseille;4.0
réclamé;1.0
fît;1.0
accordât;1.0
perçus;1.0
arrive-t-il;1.0
total;1.0
allant;2.0
revenant;1.0
perçoit;1.0
demandions;1.0
ignorez;1.0
coûte;1.0
gratuité;1.0
françois;2.0
fournier;4.0
massabuau;2.0
gratuitement;2.0
démontés;1.0
chinoiserie;1.0
contenu;4.0
boue;1.0
saline;1.0
mention;1.0
sac;6.0
emballage;3.0
farine;10.0
retournent;1.0
retourneraient-elles;1.0
refonte;1.0
prenant;1.0
céréale;9.0
transportées;3.0
vinaigre;2.0
sol;1.0
démonstration;2.0
couvert;1.0
plate-forme;1.0
découverte;1.0
bâche;1.0
arrimage;2.0
demi-muids;1.0
déchargement;1.0
rouler;1.0
décharge;1.0
homme;2.0
avarie;1.0
route;6.0
défoncer;1.0
crever;1.0
échapper;1.0
parlions;1.0
aviez;1.0
sauriez;1.0
égal;1.0
crèvent;1.0
transportent;1.0
élevée;1.0
appliqués;1.0
savezvous;1.0
réaliserait;1.0
hec-;1.0
tolitre;1.0
vaut;1.0
produirait;1.0
consignés;1.0
difference;1.0
désignation;1.0
clpéditioa;1.0
fiette;1.0
carcassonne;1.0
valeirce;1.0
beaune;1.0
blaye;1.0
perpian;1.0
perpigiam;1.0
granville;1.0
abaissez;1.0
compenser;1.0
réponds;1.0
terminant;1.0
ferrées;1.0
prospérité;2.0
desservies;1.0
desservie;1.0
appauvrie;1.0
voyageur;2.0
demain;1.0
reprenne;2.0
possédons;1.0
achèterons;1.0
sija;1.0
hameau;3.0
coin;1.0
reculés;1.0
augmentawt;1.0
paysan;1.0
revenue;1.0
retrouveront;1.0
gagner;1.0
empressé;1.0
castillard;2.0
priait;1.0
homologuer;1.0
vois;1.0
accorderait;1.0
minotier;2.0
resteint;1.0
légion;2.0
inappréciable;1.0
fue;1.0
fiflatt-;1.0
ciers;1.0
commanditent;1.0
entreprise;1.0
obtiennent;1.0
arracher;1.0
obtiendrons;1.0
insistant;1.0
fréquemment;1.0
prennent;2.0
ignore;1.0
construction;4.0
retire;1.0
infrastructure;2.0
ores;1.0
gustave;4.0
rouanet;4.0
maison;1.0
rendrai;1.0
meubler;1.0
personnel;1.0
permet;1.0
exploiter;1.0
acculer;1.0
faillite;1.0
pose;1.0
agréablement;1.0
formuler;1.0
rectification;1.0
bienl;1.0
vex-;1.0
trême;1.0
ami;1.0
républicain;1.0
timide;1.0
commencent;2.0
continueront;1.0
plaindrai;1.0
etes-vous;1.0
sensiblement;1.0
commencera;1.0
mardi;1.0
aurai;1.0
répondrez;1.0
récolté;1.0
representer;1.0
pluie;1.0
pou;1.0
vons;1.0
prenne;1.0
énergiques;1.0
renvoi;5.0
ordonné;3.0
entendra;1.0
tête;1.0
assentiment;1.0
connaitre;1.0
arménie;1.0
rang;1.0
assigné;1.0
ribot;2.0
signataire;1.0
berteaux;5.0
maurice;3.0
appartenant;1.0
permission;1.0
lisez;1.0
apprêtent;1.0
dimanche;1.0
amphi;1.0
théâtre;1.0
sorbonne;1.0
fête;2.0
offerte;1.0
désintéresse;1.0
science;3.0
rende;1.0
témoignage;1.0
accroître;1.0
grandeur;1.0
enrichissant;1.0
patrimoine;1.0
humain;1.0
applau;1.0
pelietan;1.0
aynard;2.0
cochery;1.0
giroux;1.0
aimond;2.0
perillier;1.0
charles-gras;3.0
estournelles;2.0
allemane;2.0
olx;1.0
citoyen;1.0
honore;1.0
francise;1.0
universelle;1.0
proposez-voiis;1.0
composer;1.0
opposiil;1.0
gélégation;1.0
désigne;1.0
breton;2.0
fanien;2.0
antoine;2.0
gras;2.0
palix;2.0
chauvin;2.0
baron;7.0
debève;2.0
rolland;2.0
nommant;1.0
ampliation;1.0
république;2.0
constitutionnelle;1.0
dispose;1.0
désignés;2.0
décrète;1.0
demagny;1.0
conseiller;4.0
dumay;1.0
monod;1.0
assistance;1.0
publiques;1.0
bruman;1.0
communale;1.0
grimanelli;1.0
pénitentiaire;2.0
eonseil;1.0
émile;1.0
loubet;1.0
vintérieur;1.0
waldbck-rousseau;1.0
communication;1.0
archive;1.0
lundi;1.0
matin;1.0
ltc;1.0
marine;4.0
perpétuelles;2.0
cession;1.0
amortissement;1.0
vaillant;2.0
révocation;1.0
bourges;1.0
ecole;1.0
centrale;1.0
manufacture;1.0
poste;1.0
télégraphe;1.0
téléphone;1.0
imprimerie;1.0
guerre;1.0
instruction;2.0
beaux-arts;1.0
ira;1.0
defontaine;2.0
électorales;1.0
pasfcre;1.0
jacob;2.0
suffrage;1.0
universel;1.0
puech;2.0
sculpture;1.0
imprimé;1.0
levée;1.0
minute;1.0
sténographique;1.0
alexandre;2.0
gaudet;1.0
chauvière;2.0
seine;46.0
pétition;8.0
biennait;1.0
domicilié;1.0
courbevoie;1.0
erratum;1.0
lafrerre;1.0
page;1.0
lonne;1.0
alinéa;1.0
est-à-;1.0
basses-pyrénées;5.0
figure;2.0
amendement;1.0
qiu;1.0
additionnelle;1.0
carnaud;2.0
cadenat;2.0
charles;8.0
bernard;2.0
albert;4.0
chiché;2.0
redtes;1.0
bourgeois;4.0
marne;9.0
godefroy;3.0
cavaignac;2.0
fleury-ravarin;3.0
absent;2.0
antide;2.0
boyer;2.0
guyard;2.0
quilbeuf;3.0
adam;1.0
achille;3.0
pas-de-calais;10.0
anthime-ménard;1.0
loire-inf;1.0
éri-eure;1.0
arbouin;1.0
aube;6.0
edouard;4.0
rhône;10.0
edmond;2.0
hautes-pyrénées;4.0
hauteloire;1.0
boury;1.0
eure;6.0
brindeau;1.0
seine-inférieure;10.0
brisson;1.0
canet;1.0
savoie;4.0
cauvin;1.0
chabert;2.0
chanoz;1.0
isère;8.0
chenavaz;1.0
coache;1.0
emile;7.0
tarn;5.0
delbet;1.0
seineet-marne;1.0
denêcheau;1.0
aisne;8.0
lande;5.0
derrien;1.0
côtes-du-nord;7.0
derveloy;1.0
seine-et-marne;4.0
desfarges;1.0
creuse;4.0
duvau;1.0
vienne;7.0
sarthe;5.0
euzière;1.0
hautes-alpes;2.0
fould;1.0
gaillard;1.0
galley;1.0
loire;8.0
finistère;10.0
gourd;1.0
grandmaison;1.0
maine-et-loire;5.0
hugues;2.0
clovis;1.0
kerouartz;1.0
marquis;8.0
lachièze;1.0
lot;3.0
lanjuinais;1.0
morbihan;7.0
lebaudy;1.0
seine-et-oise;7.0
moigne;1.0
marchal;1.0
-néron-bancel;1.0
haute-loire;3.0
pain;1.0
rajon;1.0
claude;1.0
ramel;1.0
riou;1.0
rispal;1.0
rouland;1.0
saint-quentin;1.0
calvados;7.0
théron;1.0
vacher;1.0
corrèze;5.0
vallée;1.0
villiers;1.0
vival;1.0
bony-cisternes;1.0
puy-de-dôme;5.0
borie;1.0
boudenoot;1.0
vendée;6.0
pyrénées-orientales;4.0
bouche;2.0
du-rhône;1.0
christophle;2.0
orne;5.0
claudinon;1.0
clémentel;1.0
puy-dedôme;1.0
colle;1.0
haute-saône;4.0
délieux;1.0
saôneet-loire;1.0
dubois;2.0
dunaime;1.0
ardeanes;1.0
eliez-evrard;1.0
ermant;1.0
fournol;1.0
aveyron;6.0
galot;1.0
loire-inférieure;7.0
gellé;1.0
girou;1.0
groussier;1.0
herbet;1.0
hubert;1.0
ardennes;4.0
jonnart;1.0
pasde-calais;1.0
lamendin;1.0
charente-inférieure;6.0
levet;1.0
lévis-mirepoix;1.0
leygue;2.0
raymond;2.0
haute-garonne;5.0
miossec;1.0
montalembert;1.0
motte;1.0
noël;1.0
perrier;1.0
germain;1.0
saône-et-loire;8.0
poincaré;1.0
meuse;4.0
pradet-balade;1.0
razimbaud;1.0
rey;1.0
rozet;1.0
albin;1.0
haute-marné;1.0
saint-martin;1.0
indre;4.0
ternaux-compans;1.0
-trannoy;1.0
vau;1.0
pierre;4.0
vazeille;1.0
viellard;1.0
armand;2.0
haut-rhin;1.0
àmer;1.0
albert-poulain;1.0
aulan;1.0
baulard;1.0
beauquier;1.0
doubs;4.0
bertrand;1.0
bougère;2.0
laurent;1.0
maineet-loire;1.0
boutard;1.0
haute-vienne;4.0
bouveri;1.0
cazauvielh;1.0
charonnat;1.0
chavet;1.0
cornet;1.0
lucien;1.0
yonne;9.0
delpech-cantaloup;1.0
devèze;1.0
devin;1.0
elva;1.0
mayenne;5.0
gacon;1.0
allier;4.0
gallot;1.0
galpin;1.0
-gérard;1.0
guadeloupe;2.0
giacobbi;1.0
corse;7.0
harriague;1.0
saintmartin;1.0
henriqueduluc;1.0
inde;1.0
laroze;1.0
lassalle;1.0
lasserre;1.0
tarn-etgaronne;1.0
leygues;1.0
lot-etgaronne;1.0
loriot;1.0
mahy;1.0
maymac;1.0
loir-et-cher;4.0
mesureur;1.0
michel;1.0
bouches-du-rhône;4.0
morillot;1.0
mun;1.0
peignot;1.0
renaultmorlière;1.0
rose;1.0
sarrien;1.0
sicard;1.0
bassesalpes;2.0
tramu;1.0
victor;2.0
gay;1.0
vidal;1.0
saint-urbain;1.0
alicot;1.0
amodru;1.0
seine-etoise;2.0
arène;1.0
emmanuel;1.0
authier;1.0
babaud-lacroze;1.0
bachimont;1.0
bansard;1.0
basly;1.0
berthet;1.0
haute-savoie;3.0
jules-louis;1.0
chambon;1.0
chamerlat;1.0
puyde-dôme;1.0
bos;1.0
chautemps;1.0
delmas;1.0
desjardins;1.0
estourbeillon;1.0
ferrette;1.0
gabiat;4.0
genet;1.0
grousset;1.0
paschal;1.0
guillemet;1.0
halgouet;1.0
lieutenant-colonel;1.0
ille-et-vilaine;7.0
isatnbard;1.0
jacquey;1.0
lagasse;1.0
lot-et-garonne;3.0
laloge;1.0
honoré;1.0
mackau;1.0
maruéjouls;1.0
merlou;1.0
morlot;1.0
muzet;1.0
ouvré;1.0
paul-faure;1.0
vaucluse;4.0
pelletan;1.0
camille;3.0
peschaud;1.0
cantal;4.0
poullan;1.0
alpes-maritimes;4.0
raiberti;1.0
rohan;1.0
duc;2.0
ruau;1.0
stanislas;1.0
ferrand;1.0
theulier;1.0
dordogne;7.0
wilson;1.0
indre-et-loire;3.0
baudry;1.0
asson;1.0
benoist;1.0
bordier;1.0
eure-et-loir;4.0
boucher;1.0
henry;3.0
vosges;7.0
ferdinand;1.0
castellane;1.0
boni;1.0
basses-alpes;3.0
chambrun;1.0
lozère;3.0
chenel;1.0
chevallier;1.0
clédou;1.0
bassespyrénées;2.0
constant;2.0
coûtant;1.0
-darblay;1.0
loiret;4.0
delombre;1.0
dorian;1.0
dreux;1.0
ferrero;1.0
rliône;1.0
forest;1.0
garnier;1.0
gauthier;1.0
clagny;1.0
goujon;2.0
julien;2.0
iriart;1.0
duichepare;1.0
isamberi;1.0
kelsch;1.0
kerjégu;1.0
bourdonni;1.0
maine-etloire;1.0
largentaye;1.0
rifust;1.0
côtes-annord;1.0
laroche-joubert;1.0
lebrun;1.0
meurthe-e;1.0
moselle;1.0
lepez;1.0
levraud;1.0
limon;1.0
zain-laplanche;1.0
magniauac;1.0
méline;1.0
mercier;1.0
monfeuillart;1.0
paulin-méry;1.0
perreau;1.0
boucnesdu-rhône;1.0
piou;1.0
mereu;1.0
prfxparis;1.0
tarn-et-garonne;2.0
-regnault;1.0
mane;1.0
louis;5.0
-roc;1.0
ardèche;5.0
rubillard;1.0
thierry;2.0
delanoue;1.0
tourgno;1.0
walter;1.0
zévaès;1.0
abel-bernard;1.0
alsace;1.0
prince;2.0
hénin;1.0
andrieu;1.0
argeliès;1.0
bénézech;1.0
rault;1.0
ber;1.0
nard;1.0
brunet;1.0
castelin;1.0
chabrié;1.0
adrien;2.0
chastenet;1.0
guillaunel;1.0
chaussier;1.0
tcochin;1.0
denys;1.0
codet;1.0
hau;2.0
cornudet;2.0
decker-da;1.0
vid;1.0
deshayes;1.0
disiez;1.0
deux-sèvres;5.0
dulau;1.0
dumas;1.0
ariège;3.0
empereur;1.0
ferry;1.0
fran;2.0
çois;2.0
gabriel-denis;1.0
charenlte;1.0
gaffler;1.0
gasparrou;1.0
gentil;1.0
ginoux-defermon;1.0
hubbard;1.0
jnie;1.0
jaluzot;1.0
nièvre;6.0
lemiry;1.0
lerolle;1.0
maret;1.0
melliet;1.0
léo;1.0
millevoye;1.0
constants;1.0
mougeot;1.0
haute-marne;2.0
moustie;1.0
doup;1.0
pajots;1.0
passy;1.0
payle;1.0
haute;2.0
alpe;1.0
prud;1.0
havette;1.0
renou;1.0
robert;1.0
surcouf;1.0
roudsse;1.0
arenberg;1.0
aymé;1.0
chevre;1.0
lière;1.0
seine-ft;1.0
bizot;1.0
calvinhac;1.0
garonne;1.0
cavaignc;1.0
chandioux;1.0
niècye;1.0
charruyer;1.0
glie-;1.0
villon;1.0
cibiel;1.0
airey-;1.0
ron;1.0
cloarec;1.0
coche;1.0
cruppi;1.0
garolll;1.0
debussy;1.0
decrais;1.0
girolide;1.0
delaune;1.0
deribéré-desgaruej;1.0
card;1.0
drumont;1.0
duboc;1.0
faure;1.0
firmin;1.0
oraén;1.0
fernand;3.0
brun;1.0
gautret;1.0
gauvin;1.0
gonidec;1.0
tra;1.0
san;1.0
gontau;1.0
biron;1.0
joseph;1.0
basses-pyréne;1.0
guyot-dessaigne;1.0
bert;1.0
jouart;1.0
lachaud;1.0
nessan;1.0
lebret;1.0
massé;1.0
mahey;1.0
maussabré;1.0
monsservin;1.0
pasqual;1.0
péronneau;1.0
alîliio;1.0
pourteyron;1.0
prache;1.0
seme;1.0
quesnel;1.0
raoot;1.0
reille;2.0
xavier;1.0
arn;1.0
rogez;1.0
schneider;1.0
eugene;1.0
tiphaine;1.0
indreet-loire;1.0
allard;1.0
astier;1.0
astima;1.0
colonel;1.0
barthou;1.0
bazillon;1.0
gérard;1.0
bischoffsheim;1.0
brice;2.0
ouches-du-rhône;1.0
cassagnac;1.0
ers;1.0
chassaing;1.0
colliard;1.0
hône;1.0
daudé;1.0
david;3.0
alban;1.0
ndre;1.0
delcassé;1.0
deschanel;1.0
eureet-loir;1.0
escanyé;1.0
florent;1.0
fouquet;1.0
gervaize;1.0
meurthe-et-moselle;4.0
gévelot;1.0
goujat;1.0
martinique;2.0
heuzey;1.0
-jacquemin;1.0
jourdan;1.0
labussière;1.0
léglise;1.0
lesage;1.0
mando;1.0
menier;1.0
meyer;1.0
millerand;1.0
pams;1.0
pourquery;1.0
boisserin;1.0
riotteau;1.0
roche;1.0
ernest;1.0
roux;1.0
surchamp;1.0
vigné;1.0
cam;1.0
agoult;1.0
sénégal;1.0
-armez;1.0
cotes-du-nord;1.0
balsan;1.0
baudon;1.0
berton;1.0
bouctot;1.0
seineinférieure;1.0
meurthe-etmoselle;1.0
bussière;1.0
cazals;1.0
caze;1.0
cère;1.0
jura;4.0
cochin;1.0
vicomte;1.0
cosmao-dumenez;1.0
nsette;1.0
dasque;1.0
delarue;1.0
dron;1.0
dubuisson;1.0
dufour;2.0
eugène;1.0
duquesnay;1.0
fenal;1.0
fiquet;1.0
girardin;1.0
goussot;1.0
gouzy;1.0
hugon;1.0
lechevallier;1.0
leffet;1.0
myre;1.0
vilers;1.0
cochinchine;1.0
lespinay;1.0
létang;1.0
troadec;1.0
lockroy;1.0
malaspina;1.0
martin;3.0
bienvenu;2.0
oriol;1.0
philippe;1.0
porteu;1.0
ille-etvilaine;1.0
pozzo;1.0
borgo;1.0
raulillc;1.0
côted;1.0
richard;1.0
rieunier;1.0
amiral;1.0
sarrazin;1.0
sauvanet;1.0
seftescail;1.0
sirot;1.0
césar;1.0
songe;1.0
anombert;1.0
auduired;1.0
balandreau;1.0
seine-etmarne;1.0
baudin;1.0
beauregard;2.0
berger;1.0
bersez;1.0
broglie;1.0
brune;1.0
cardon;1.0
chapuis;1.0
chopinet;1.0
corderoy;1.0
dauzon;1.0
jacques;2.0
dumont;1.0
dupuytrem;1.0
fachard;1.0
ferroul;1.0
haussmann;1.0
klotz;1.0
krauss;1.0
clec;1.0
légitimus;1.0
leglos;1.0
hérissé;1.0
lemasson;1.0
lhopiteau;1.0
loup;1.0
loyer;1.0
magne;1.0
maurice-binder;1.0
mirman;1.0
mougin;1.0
mulac;1.0
muteau;1.0
cote-d;1.0
odilon-barrot;1.0
papelier;1.0
pastre;1.0
amédée;1.0
rivet;1.0
roch;1.0
savary;1.0
suchetet;1.0
tailliandier;1.0
witt;1.0
conrad;1.0
bompard;1.0
raoul;1.0
bonard;1.0
caraman;1.0
chambige;1.0
clament;1.0
clément;1.0
hautesavoie;1.0
dejeante;1.0
delestrac;1.0
drake;1.0
dutailly;1.0
oran;1.0
farjon;1.0
théophile;1.0
gueneau;1.0
guieysse;1.0
guillain;1.0
guingand;1.0
hémon;1.0
holtz;1.0
isnard;1.0
krantz;1.0
batut;1.0
ferronnays;1.0
laniel;1.0
lannes;1.0
montebello;1.0
laurençon;1.0
mollard;1.0
montaigu;1.0
morcrette-ledieu;1.0
pascal;1.0
paulmier;1.0
périllier;1.0
perrin;1.0
proust;1.0
rabier;1.0
salignacfénelon;1.0
saumande;1.0
sibille;1.0
trouillot;1.0
turigny;1.0
ursleur;1.0
guyane;1.0
vigouroux;1.0
villejean;1.0
weil-mallez;1.0
insérées;1.0
feuilleton;1.0
devenues;1.0
seizième;1.0
lauzin;2.0
saint-martin-gimois;1.0
sollicite;2.0
pourabatage;1.0
animal;2.0
tuberculose;2.0
motif;3.0
lge;1.0
saintmartin-gimois;1.0
abatage;1.0
transmettre;1.0
départementalo;1.0
comiti;4.0
jean-baptiste;2.0
dornmage;1.0
causé;2.0
dommage;1.0
forestier;1.0
construite;1.0
mètre;1.0
largeur;1.0
constamment;1.0
élargissement;2.0
successifs;1.0
aqueduc;1.0
semblent;1.0
compétent;1.0
chaussée;1.0
indemnisé;1.0
déposée;1.0
habitant;2.0
père;2.0
famille;2.0
treigny;2.0
moutier;2.0
saintamand;1.0
école;3.0
garçon;2.0
fille;2.0
dépendant;2.0
émanée;1.0
saint-amand;1.0
induscutable;1.0
strict;1.0
truction;1.0
municipal;1.0
dill;1.0
etï;1.0
installation;1.0
écot;1.0
quote-part;1.0
fixée;1.0
refus;1.0
coercition;1.0
blique;1.0
-lmp;1.0
quai;1.0
voltaire;1.0
