;1935-12-12
débat;17.0
parlementaire;10.0
chambre;70.0
ide;2.0
député;10.0
législature;2.0
session;2.0
extraordinaire;3.0
compte;8.0
rendu;1.0
extenso;1.0
séance;34.0
jeudi;3.0
décembre;51.0
sommaire;1.0
procès-verbal;4.0
congé;5.0
-projet;1.0
loi;169.0
reprise;7.0
iirnrïi;1.0
rhp;1.0
sion;7.0
demande;67.0
discussion;76.0
immédiate;9.0
gouvernement;59.0
projet;103.0
instituant;7.0
titre;20.0
exceptionnel;16.0
lot;2.0
cédiip;1.0
permettant;4.0
vote;60.0
rapide;8.0
production;4.0
teu;1.0
pport;1.0
présenté;5.0
barétv;1.0
tapporaiices;1.0
nom;18.0
commission;78.0
finance;74.0
dis;3.0
ussloil;1.0
sio;1.0
générale;20.0
jules;13.0
moch;19.0
cloture;1.0
clammnus;1.0
chappedelaine;3.0
ôture;1.0
article;56.0
unique;15.0
com;1.0
ramadier;14.0
andré;12.0
président;50.0
andré-j;3.0
etoii;1.0
explication;7.0
yote;1.0
amidieu;1.0
iilte;1.0
péri;7.0
clôture;13.0
inteîv;1.0
ion;4.0
marcel;3.0
régnier;2.0
minisdes;1.0
flnan;1.0
réponse;21.0
jacques;4.0
lofait;1.0
contre-projet;7.0
breton;10.0
doetlon;1.0
scrutin;5.0
interpellation;9.0
gouvprn;1.0
déclaration;9.0
chef;9.0
italien;3.0
agricoi;1.0
prosper;2.0
blanc;2.0
politique;17.0
doeblé;3.0
mesure;22.0
prendre;17.0
augnienter;1.0
sécurité;4.0
ouvrier;4.0
mineur;2.0
ulté;1.0
rieure;1.0
règlement;31.0
ordre;15.0
jour;25.0
dépôt;9.0
loii;1.0
rapport;29.0
proposition;36.0
résolution;9.0
presidence;3.0
fernand;5.0
bouisson;2.0
ouverte;5.0
demie;2.0
proces-verbal;2.0
victor;2.0
brémond;2.0
secrétaire;2.0
donne;7.0
lecture;3.0
mardi;1.0
adopté;8.0
excuse;2.0
conges;1.0
paul;16.0
bastid;2.0
besset;2.0
brière;2.0
mortier;3.0
henry-paté;1.0
roumagoux;2.0
saint-just;2.0
thibault;2.0
excusent;1.0
pouvoir;6.0
assister;2.0
-de;2.0
demandent;1.0
conformément;7.0
bureau;2.0
avis;12.0
accorder;4.0
opposition;12.0
accordé;2.0
depot;5.0
reçu;25.0
ministre;74.0
procédure;24.0
budget;93.0
imprimé;13.0
distribué;14.0
renvoyé;9.0
assentiment;8.0
disposition;19.0
paragraphe;9.0
pourra;8.0
commencer;3.0
savoir;6.0
rapporter;1.0
suspendue;2.0
trente-cinq;2.0
minute;2.0
apres;1.0
immediate;1.0
procedure;1.0
vertu;9.0
exception-;1.0
nel;1.0
consulter;1.0
baréty;5.0
rapporteur;57.0
général;24.0
déposer;7.0
lire;1.0
léon;15.0
barity;1.0
clfârs;1.0
collègue;22.0
estimant;1.0
intérêt;5.0
grand;11.0
obtenir;10.0
vôte;1.0
temps;20.0
utile;5.0
décidé;4.0
demander;8.0
recourir;5.0
exceptionnelle;14.0
permît;1.0
atteindre;1.0
but;2.0
éviter;5.0
provisoire;7.0
texte;27.0
annexé;1.0
matin;7.0
officieusement;1.0
hier;6.0
précisé;1.0
condition;21.0
pourrait;8.0
instaurer;1.0
diligence;1.0
saisie;2.0
après-midi;2.0
rechercherons;1.0
remontant;1.0
histoire;1.0
budgétaire;7.0
pays;13.0
auelles;1.0
voté;12.0
rappellerons;1.0
proposa;2.0
doumergue;5.0
déposé;8.0
février;11.0
fut;5.0
urgence;1.0
stipulait;1.0
exercice;14.0
serait;9.0
dérogé;1.0
septembre;16.0
terme;7.0
crédit;36.0
ctre;2.0
votés;2.0
chapitre;24.0
équivoque;1.0
modifia;1.0
légèrement;2.0
jugea;1.0
suffisant;2.0
prévoir;1.0
suppression;7.0
alinéa;10.0
exige;1.0
maintenu;3.0
intact;1.0
principe;3.0
interdiction;1.0
virement;1.0
conséquence;7.0
adopta;2.0
stipulant;1.0
feraient;1.0
objet;18.0
portant;31.0
ensemble;10.0
libellé;1.0
dérogation;5.0
applicables;12.0
dépense;20.0
figurent;4.0
répartition;6.0
service;17.0
annexés;4.0
-dont;1.0
somme;21.0
saisi;4.0
decelui;1.0
doumerg;1.0
prévoit;1.0
donneront;6.0
lieu;19.0
votps;1.0
globaux;7.0
précise;2.0
ailleurs;10.0
fera;2.0
département;14.0
ministériel;6.0
dérouleraient;1.0
réservé;3.0
instituer;3.0
discuterait;1.0
voterait;2.0
ensuite;5.0
successifs;2.0
seraient;3.0
intervenus;1.0
ftnaoces;1.0
auraient;4.0
examinés;1.0
reviendrait;1.0
auriez;3.0
émettre;5.0
concerne;8.0
partie;5.0
ministère;14.0
prononcer;4.0
représentant;8.0
cru;4.0
nécessaire;14.0
préciser;5.0
-intervenir;1.0
dois;4.0
également;7.0
ajouter;2.0
procédé;2.0
examen;10.0
approfondi;3.0
possible;9.0
répercussion;2.0
pourraient;4.0
long;1.0
voix;7.0
passer;5.0
acquis;1.0
nouvelle;8.0
membre;14.0
demandé;3.0
fussent;3.0
précisées;1.0
préoccupé;1.0
émis;2.0
annexe;6.0
prévues;1.0
ministériels;3.0
proposé;3.0
modifier;12.0
aurait;12.0
rédigé;1.0
récapitulation;1.0
bis;5.0
persuadé;3.0
observation;10.0
viens;1.0
faire;28.0
allusion;3.0
insistaient;1.0
adopter;3.0
manière;4.0
voir;2.0
ferait;1.0
rédaction;1.0
semblerait;1.0
initiative;8.0
mieux;1.0
question;31.0
longue;2.0
institua;1.0
marqué;2.0
désir;2.0
renseignés;1.0
exactement;3.0
exercer;5.0
droit;55.0
amendement;34.0
estimaient;1.0
fussent-précisées;1.0
notamment;7.0
schuman;3.0
lasteyrie;12.0
faciliter;1.0
accord;12.0
point;12.0
tinguy;2.0
insertion;2.0
conçu;4.0
tenu;2.0
modification;13.0
apportées;1.0
budgétaires;4.0
recevables;2.0
avons;10.0
observer;4.0
inconvénient;8.0
aiou-;1.0
ter;3.0
dre;2.0
réglementaire;3.0
iex;1.0
créer;2.0
difficulté;1.0
sénat;6.0
comp;1.0
col;1.0
suite;11.0
lègues;1.0
insistèrent;1.0
aprës;1.0
gue;2.0
eût;4.0
néccssaw;1.0
valoir;2.0
nécessité;4.0
voter;17.0
get;3.0
appel;6.0
nominal;1.0
commi;1.0
ioll;2.0
décida;1.0
appartient;2.0
statuer;2.0
soumis;8.0
bti;1.0
part;8.0
bie-n;1.0
objectif;1.0
bieli;1.0
connalt-t;1.0
jée;1.0
mission;4.0
apvésenté;1.0
crois;6.0
sortirai;1.0
rôle;3.0
indiquant;2.0
cliad;1.0
voà;1.0
intervenu;1.0
ostdû;1.0
incertitude;2.0
soa;1.0
con;4.0
coel;1.0
cerne;1.0
amendement-;1.0
avion;1.0
elllui;1.0
cquègoes;1.0
matière;8.0
livre;4.0
loyalement;1.0
réserve;13.0
tées;1.0
égard;2.0
batie;1.0
raît;3.0
euvrir;1.0
cuse;1.0
adresser;3.0
invita;1.0
yfliifij;1.0
amendeille-lt;1.0
pcol;1.0
présente;6.0
vce;1.0
éeb;1.0
tions;1.0
ppnqu;1.0
répondre;3.0
pjr;1.0
demandant;1.0
cisées;1.0
lestfuelle;1.0
pourront;9.0
ten;2.0
coid;1.0
malg;1.0
certal;1.0
nés;2.0
réponds;1.0
joi;1.0
net;2.0
tranche;1.0
ussloj;1.0
disc;1.0
ouvrir;2.0
disrusell;1.0
écïel;1.0
connaître;8.0
désignant;1.0
qualité;1.0
cànotssa;1.0
ire;3.0
nistre;2.0
bouthillier;1.0
conseiller;3.0
eto;1.0
vice;3.0
directeur;2.0
contrôle;15.0
financier;4.0
meaudre;1.0
inspecteur;3.0
cabinet;1.0
acte;5.0
donné;6.0
conlld;1.0
ré;1.0
mer;1.0
sitv-;1.0
flt;1.0
coo-;1.0
voudrais;4.0
abdiquer;2.0
raison;12.0
tain;2.0
nombre;19.0
jotlté;1.0
constitué;1.0
eeottsier;1.0
fin;9.0
décidés;1.0
ous;2.0
ost;1.0
gduiniî;1.0
tion;5.0
revenir;1.0
discusyrier;1.0
engagé;2.0
féyrier;1.0
eornent;1.0
Monsieur;31.0
vivant;2.0
unet;1.0
posé;1.0
demanch;1.0
mbre;1.0
bloc;3.0
êtesnelle;1.0
ams;1.0
restera;1.0
exceptionu;1.0
constatons;1.0
exception;5.0
devient;3.0
pulsque;1.0
seule;7.0
année;15.0
kretm;1.0
normale;5.0
ndfosai;1.0
applaudissement;42.0
extrême;36.0
rue;1.0
brunet;4.0
faisait;1.0
historique;2.0
mauvais;2.0
rappeler;4.0
ent;9.0
délibérer;1.0
ilidiquait;1.0
prérogative;5.0
fondamendépens;1.0
parlement;31.0
elu;2.0
abrogée;1.0
yzeslir;1.0
discutaient;1.0
apitres;1.0
restauration;1.0
seul;7.0
dou;1.0
ctf;1.0
riv;1.0
puis;6.0
enfin;5.0
royer-collard;1.0
disait;3.0
abonnement;1.0
est-àiter;1.0
système;2.0
étroit;1.0
grosgte;1.0
digne;2.0
âge;1.0
monarchie;1.0
juillet;39.0
avairlt-elle;1.0
lors;5.0
fahâirar;1.0
empire;3.0
régime;11.0
autorité;3.0
revint;1.0
mini;1.0
érâli;1.0
fur;1.0
section;1.0
kla;1.0
veille;3.0
sedan;1.0
ille;1.0
république;4.0
assemblée;14.0
nationale;7.0
républicain;5.0
pouvait;2.0
rétablir;5.0
bes-;1.0
chiffra;1.0
millier;1.0
guern;1.0
plaint;1.0
parfois;3.0
multiplicatiorl;1.0
considère;2.0
conplus;1.0
oitrn;1.0
sérieux;1.0
ûntipq;1.0
séirieux;1.0
jaijjsi;1.0
ramenés;1.0
consulat;1.0
-pire;1.0
aujound;1.0
contente;2.0
imoif;1.0
rétrograder;1.0
seconid;1.0
pire;2.0
gauche;47.0
rgut;1.0
peut-être;6.0
tut;1.0
vernement;3.0
pierre;13.0
laval;4.0
res-;1.0
usciter;1.0
autoritaire;1.0
qde;1.0
méiav;1.0
pratique;3.0
-in;1.0
nvénients;1.0
oiint;1.0
ode;1.0
vue;6.0
ipuis;1.0
scieur;1.0
éviterez;2.0
retard;4.0
fcv;1.0
cham;1.0
dispose;1.0
déjà;12.0
èûaerr;1.0
ïien;1.0
sévère;2.0
vom;1.0
emande;1.0
relire;2.0
cîe;1.0
verrez;1.0
bim;1.0
taira;1.0
avez;14.0
end;1.0
eiments;1.0
augmentant;2.0
modifiant;7.0
sens;3.0
iefaitemeaits;1.0
pension;11.0
vrf;1.0
oit;1.0
limite;6.0
modifi;1.0
diminuant;1.0
matériel;2.0
ntions;1.0
raatérial;1.0
lesauces;1.0
financés;1.0
rdltioil;1.0
arler;1.0
otl;1.0
ajo;1.0
-ter;1.0
cliose;1.0
entendre;3.0
métho;1.0
reviendrai;1.0
aboutir;5.0
résultat;10.0
meilleur;1.0
gagnerez;1.0
confuse;1.0
cha-qué;1.0
enchevêtreront;1.0
pourrez;3.0
mettre;5.0
empêcher;1.0
relatif;9.0
global;3.0
pleine;2.0
confusion;2.0
vextrême;4.0
veux;2.0
insister;3.0
grave;7.0
die;1.0
mis;3.0
dernier;14.0
orateur;6.0
majorité;6.0
votera;1.0
peutêtre;1.0
discuter;4.0
excusez-moi;1.0
méchant;1.0
élection;1.0
serait-elle;1.0
mécontent;1.0
sorte;2.0
perdra;1.0
fondamentale;1.0
abandonnera;1.0
prononçant;1.0
évoque;1.0
village;1.0
sud-est;1.0
révolution;1.0
couvait;1.0
éclata;1.0
convocation;7.0
etats-généraux;1.0
souviens;1.0
pieusement;1.0
conservées;1.0
mairie;2.0
etoile;1.0
roman;1.0
paysan;1.0
réunis;1.0
décidaient;1.0
cesser;1.0
agitation;1.0
impôt;5.0
délibéré;2.0
délégueraient;1.0
pari;5.0
gustave;7.0
guérin;6.0
réduisent;1.0
interruption;11.0
avezvous;1.0
jamais;5.0
époque;5.0
aviez;4.0
amender;1.0
aggraver;1.0
réduisant;2.0
virtuel;1.0
fiction;1.0
utilisera;1.0
presse;2.0
diminuez;1.0
dignité;1.0
auxiliaire;4.0
an;12.0
cherchent;1.0
amoindrir;1.0
profit;1.0
fort;2.0
donnez;1.0
argument;2.0
affirment;1.0
inutilité;3.0
pis;3.0
proposant;1.0
méthode;10.0
inefficace;1.0
diminué;2.0
affirmant;2.0
diminuerez;1.0
tentant;1.0
montrer;2.0
nocivité;1.0
probable;1.0
accélère;1.0
suffisamment;1.0
cadence;2.0
recours;3.0
reprends;1.0
prononcé;3.0
blum;6.0
analogue;2.0
chose;3.0
choquer;1.0
fermer;3.0
image;1.0
dictature;3.0
voisin;1.0
ridiculiser;2.0
extréme;1.0
demandez;2.0
aveu;1.0
public;7.0
appareil;1.0
législatif;1.0
démocratique;2.0
malfaisance;1.0
yanité;1.0
adversaire;3.0
appellent;1.0
bavardage;1.0
illusion;2.0
aurez;3.0
chosé;1.0
cruauté;1.0
apporter;1.0
journal;10.0
officiel;8.0
reilire;1.0
rejetiez;1.0
responsabilité;5.0
répugnait;2.0
disiez;2.0
appelé;5.0
renoncer;3.0
essentielle;4.0
veut;5.0
imposer;2.0
discipline;2.0
pilier;1.0
dei;2.0
ajoutiez;1.0
renonciation;1.0
demanda;1.0
principal;2.0
devoir;1.0
consiste;1.0
contrôler;3.0
pôts;1.0
rire;1.0
exi;1.0
trême;2.0
accepter;1.0
essayer;1.0
aul;2.0
direz;1.0
invoquerez;1.0
doute;1.0
situation;15.0
oui;4.0
pense;2.0
unanimes;1.0
considérer;1.0
exceptionnellement;2.0
nelle;1.0
sévérité;1.0
gestion;1.0
ministérielle;3.0
gplaudissemenls;1.0
evénements;1.0
crise;6.0
misère;1.0
accrue;1.0
équilibre;3.0
purement;1.0
fictif;2.0
trésorerie;4.0
gênée;1.0
monnaie;4.0
hésitant;2.0
ruine;1.0
traine;1.0
décrets-lois;3.0
danger;1.0
extérieure;2.0
sape;1.0
lai;3.0
notion;1.0
collective;1.0
leg;2.0
sanction;3.0
seules;3.0
inefficaces;1.0
sais;3.0
hypocrisie;1.0
internationale;3.0
remplaçant;1.0
prime;4.0
agiession;1.0
concession;3.0
agresseur;2.0
offertes;1.0
agression;1.0
menace;3.0
existence;1.0
corp;1.0
étrangera;1.0
organisme;1.0
national;1.0
milice;1.0
privées;2.0
etat;11.0
deviez;1.0
rechercher;2.0
donner;8.0
justification;1.0
encouragement;3.0
reste;2.0
permettez-moi;1.0
actuelle;2.0
pris;4.0
collectivement;1.0
responsable;6.0
faute;3.0
date;17.0
convoca;1.0
convoqué;3.0
octobre;23.0
octo;1.0
bre;4.0
novembre;31.0
lavai;1.0
siège;1.0
banc;15.0
aatiche-;1.0
dit;11.0
tôt;2.0
habitude;1.0
cane;1.0
gagné;1.0
habituelle;1.0
rattaché;1.0
antérieure;2.0
précédente;2.0
erroné;1.0
chemin;2.0
fer;4.0
eal;1.0
culé;1.0
dee;1.0
prélèvement;1.0
conformes;1.0
domaine;3.0
opérer;2.0
envoyé;2.0
lettre;4.0
rectificatives;1.0
imprimée;4.0
imprimer;1.0
tire;1.0
machine;1.0
écrire;1.0
suivi;2.0
cour;15.0
trente-sept;1.0
tenue;5.0
obligé;5.0
terminé;1.0
reprendre;2.0
étudier;2.0
rectificauves;1.0
venaient;1.0
parvenir;1.0
chargez;1.0
autrui;1.0
principale;1.0
tardive;5.0
volontairement;1.0
réunit;1.0
étrangler;1.0
aller;3.0
homme;2.0
ens;1.0
reconnaisse;1.0
empêche;1.0
cause;6.0
avant-hier;4.0
venant;2.0
tribune;5.0
pute;1.0
offert;1.0
tiré;1.0
poche;3.0
fauche;1.0
refusé;3.0
cadeau;1.0
timeo;1.0
danaos;1.0
conseil;10.0
mibwtres;1.0
trouvant;1.0
paraît-il;1.0
voulant;1.0
délai;11.0
normaux;1.0
délègue;1.0
voudrait;1.0
ftnanees;1.0
parlé;2.0
terminer;1.0
rallie;1.0
second;5.0
tude;1.0
statistique;3.0
présidence;2.0
fournir;1.0
étéments;1.0
montré;3.0
régumàre;1.0
loure;1.0
travail;12.0
comprenant;1.0
comporté;1.0
intervention;1.0
évidemment;2.0
brève;1.0
vousmême;1.0
interrompu;1.0
perdre;1.0
total;2.0
uie;1.0
partir;2.0
moment;3.0
conduit;2.0
souvent;2.0
ajoute;2.0
dimanche;1.0
exclu;2.0
accepté;3.0
effort;3.0
disposer;1.0
suffi;2.0
élimine;1.0
impérial;1.0
conséquent;4.0
précédent;2.0
normalement;1.0
inclure;1.0
pouviez;1.0
aurions;4.0
aidé;1.0
reprochons;2.0
confondre;1.0
liberté;10.0
vouloir;6.0
réfomer;1.0
attaquer;1.0
simphfiez;1.0
modernisez;1.0
serons;2.0
attentez;1.0
dresserons;1.0
moderniser;1.0
prêt;5.0
étiez;1.0
vous-même;1.0
sûr;2.0
eflicacité;1.0
propose;8.0
ami;8.0
vincent;9.0
auriol;6.0
ouvert;3.0
lorsqu;6.0
présidait;1.0
année-là;1.0
réuni;1.0
parti;8.0
désignés;1.0
limiter;2.0
fixé;8.0
repartissant;1.0
interviendrait;1.0
permis;2.0
arriver;2.0
final;1.0
vitesse;1.0
remarquables;1.0
légale;1.0
neportezvous;1.0
janvier;15.0
appliqué;2.0
appliquer;3.0
pésident;1.0
calendrier;4.0
varietur;1.0
réparti;1.0
rallier;1.0
enthousiasme;1.0
conforme;1.0
tradition;2.0
due;5.0
prise;4.0
proposée;2.0
proposons;4.0
gabriel;5.0
lafaye;3.0
heureux;5.0
parfaitement;1.0
appliquée;1.0
occasion;10.0
vaste;1.0
ôchele;1.0
ftxadt;1.0
llei;1.0
complet;1.0
réalisé;1.0
unanimité;3.0
collaboration;4.0
étroite;1.0
abréger;1.0
appliquant;2.0
dls;1.0
soir;4.0
conférence;3.0
ûfif;1.0
dent;3.0
groupe;6.0
ons;1.0
insurger;1.0
vel;1.0
étranglement;2.0
res;4.0
nouvel;1.0
versaires;1.0
démocratie;2.0
dll;1.0
excusera;1.0
représ;1.0
jltadiiie;1.0
centre;8.0
ances;1.0
glesi;1.0
lement;1.0
voulez;3.0
croupion;2.0
ture;1.0
mouvement;2.0
nint-;1.0
mach;1.0
trnduiseil;1.0
idée;1.0
prépa;1.0
vtjusle;1.0
gall-;1.0
rez;1.0
pesé;1.0
iouïos;1.0
ayez;2.0
allez;2.0
approuver;6.0
exaucer;1.0
exp;1.0
lrjt;1.0
fés;1.0
jlutj;1.0
répondant;1.0
demandait;1.0
prorogé;1.0
cce;1.0
décret;57.0
cil;1.0
loqué;1.0
frappé;1.0
cri;1.0
pdr;1.0
condamnation;1.0
léei;1.0
asf;1.0
jefie-;1.0
tre;2.0
croiront;1.0
gagner;1.0
méthode-;1.0
échapper;1.0
cos;1.0
estomper;1.0
attendant;1.0
cer;2.0
parieif;1.0
efforçant;2.0
démontrer;4.0
fnatil;1.0
libre;3.0
jouer;1.0
jeu;4.0
niess;1.0
jeto;1.0
suivrons;1.0
àpr-;1.0
ments;2.0
rtpopili;1.0
charles;9.0
lasteyrje;1.0
brièvement;1.0
réquisitoire;1.0
enflammé;1.0
dti;1.0
rtie;1.0
orité;1.0
hie;1.0
associ;1.0
tbode;1.0
propos;3.0
tjuew;1.0
portée;4.0
fpr;1.0
cécs;1.0
laissez-moi;1.0
aig;1.0
velopper;1.0
propre;4.0
pensée;1.0
entends;3.0
voulu;5.0
mip;1.0
plèteiment;1.0
parlelyle;1.0
retirer;2.0
artle;1.0
ment;9.0
indiqué;2.0
hau;1.0
demeurait;1.0
entit;1.0
erait;1.0
piiqué;1.0
aura-t-il;1.0
euangued;1.0
effectués;1.0
actue;1.0
effectueront;1.0
centaine;1.0
faisons;2.0
téd;1.0
ltrions;1.0
pro-;1.0
tédnr;1.0
simplifiée;1.0
permettra;1.0
ilurkieux;1.0
gain;1.0
eli;1.0
portera;2.0
aucunement;1.0
atteinte;3.0
tnallii;1.0
exagération;1.0
soutenir;1.0
lyse;1.0
nibaie;1.0
parler;3.0
sérieusement;2.0
prétendre;1.0
expression;1.0
nnevay;1.0
hudget-crou;1.0
iftn;1.0
tela;1.0
laurent;2.0
bonnevay;2.0
parles;1.0
cas;14.0
use;1.0
ftiaic;1.0
spirituel;1.0
auteur;2.0
voudra;1.0
certainement;2.0
revendiquer;1.0
sotirires;1.0
jjjp;1.0
fpius;1.0
respectueux;1.0
quiconçht;1.0
famille;3.0
attaitur;1.0
meilnin;1.0
yfii;1.0
défendre;5.0
disciwin;1.0
coordonner;1.0
activité;1.0
parerûerlt;1.0
jjs;1.0
tfcjn;1.0
fatidique;1.0
dél;1.0
slo;1.0
roit;1.0
flj;1.0
uèrement;1.0
déformé;1.0
évoquait;1.0
figure;1.0
collafd;1.0
remontons;1.0
reportons-nous;1.0
parpsrne;1.0
ancêtre;1.0
considéraient;1.0
institution;3.0
vérifier;1.0
bien-fondé;2.0
formulées;1.0
gouvernev;1.0
tratîq;1.0
gaspillage;1.0
administration;4.0
ancien;3.0
qquue;1.0
vouait;1.0
celu;1.0
réduire;4.0
augmenter;3.0
ttez-moi;1.0
exemple;4.0
îerre-;1.0
rlstai-iré;1.0
siècle;1.0
jahiais;1.0
moindre;1.0
pentuelle;1.0
guerre;20.0
actueijp;1.0
westminster;1.0
continue;2.0
fonctionner;1.0
régularité;1.0
ert;1.0
jaule;1.0
pèse;1.0
commune;4.0
jue;1.0
anglais;2.0
pédho;1.0
enter;1.0
wla;1.0
nséqu;1.0
ence;1.0
servir;1.0
modèle;1.0
monde;1.0
angleterre;1.0
alâsdays;1.0
parvenu;1.0
surmonter;1.0
til;1.0
récompensée;1.0
procéder;2.0
dation;2.0
opération;3.0
consolition;1.0
iet;1.0
conversion;2.0
singulièrement;1.0
euses;1.0
fue;1.0
français;6.0
emprunt;6.0
taux;10.0
uvernement;1.0
comparaison;1.0
est-elle;1.0
humi;1.0
ene;1.0
nçcfte;1.0
crovez-;1.0
déséquilible;1.0
parlewairè;1.0
différence;1.0
appréciation;3.0
angletefre;1.0
france;10.0
domine;1.0
discutons;1.0
enregistrer;2.0
espère;1.0
continuera;1.0
agit;6.0
voulons;3.0
acceptons;1.0
constituent;2.0
honcours;1.0
appartenir;3.0
normal;1.0
neur;2.0
coup;2.0
regrettable;1.0
engendre;1.0
catastrophiques;1.0
circonstance;4.0
difficiles;3.0
traversons;2.0
confiance;3.0
ipayis;1.0
entraîneraient;1.0
fâcheux;1.0
période;5.0
troublée;1.0
intérieure;1.0
esprit;4.0
forcément;1.0
inquiets;1.0
rassurer;1.0
parait;1.0
indispensable;1.0
opinion;3.0
étranger;9.0
régulier;2.0
actuellement;2.0
pouvons;2.0
extérieur;2.0
détente;1.0
intérieur;8.0
affaire;9.0
tranquillité;1.0
reviendra;1.0
accomplir;1.0
geste;1.0
vain;1.0
morale;1.0
considérable;1.0
douter;1.0
élément;3.0
essentiel;2.0
redressement;3.0
répondrons;1.0
adressé;1.0
clamamus;4.0
vient;2.0
développer;1.0
série;1.0
désire;1.0
présenter;3.0
justifier;2.0
invoque;1.0
uniquement;1.0
cache;1.0
motif;6.0
doctrinale;1.0
réelles;1.0
tient;1.0
affirmation;2.0
déséquilibre;2.0
communiste;3.0
réta;1.0
blir;1.0
tenter;1.0
autant;1.0
lilberté;1.0
facilité;1.0
inciter;1.0
rigueur;1.0
combler;1.0
déficit;2.0
emprunter;2.0
élevés;1.0
indiqués;1.0
appelle;2.0
attention;2.0
capital;1.0
menacée;1.0
demain;5.0
aggravera;1.0
adopte;2.0
absence;3.0
empêchera;1.0
dénoncer;1.0
méfait;1.0
permet;5.0
parallèle;1.0
recette;2.0
impossibilité;1.0
refuser;2.0
ressource;2.0
procurer;1.0
trouver;1.0
formule;1.0
payer;1.0
riche;2.0
tend;4.0
détournée;1.0
assis;1.0
rajeuni;1.0
devenu;2.0
rigoureux;2.0
anéantit;1.0
presque;1.0
complètement;2.0
soient;3.0
assurance;8.0
donnée;6.0
réduit;3.0
existe;2.0
proposer;5.0
augmentation;4.0
tendant;50.0
bénéfice;8.0
négation;1.0
totale;1.0
conjugaison;1.0
reviens;1.0
souligne;1.0
simplement;7.0
adoption;4.0
entendu;3.0
légère;2.0
composent;1.0
rapporté;1.0
réflexion;2.0
genre;1.0
est-ce;1.0
val;2.0
aurais;2.0
décret-loi;18.0
dit-qn;1.0
ouvre;1.0
vacance;4.0
valu;1.0
mort;1.0
rendre;1.0
mandat;3.0
chômage;5.0
aggravent;1.0
rentrent;1.0
mal;1.0
suffl;1.0
assurer;5.0
chômeur;2.0
secours;3.0
sreut;1.0
bâillonner;1.0
refusons;1.0
prêter;1.0
iut;1.0
voterons;2.0
louis;10.0
critiqué;1.0
insolite;1.0
présentés;2.0
tendait;1.0
supprimer;4.0
aboutissait;2.0
hâter;2.0
rallié;1.0
expérience;4.0
financière;3.0
eabinet;1.0
déroule;2.0
davantage;3.0
devon;1.0
laisser;1.0
bout;2.0
extrhne;1.0
ttoch;1.0
mie;2.0
culbute;1.0
chappedefatae;1.0
lavoir;1.0
aboutira;1.0
entraver;1.0
pensent;1.0
incomplète;1.0
arrêtée;1.0
fallait;1.0
réaliser;4.0
économie;1.0
votées;1.0
grâce;2.0
maintes;1.0
réclamées;1.0
vrai;1.0
corollaire;1.0
allégement;1.0
fiscal;1.0
itmide;1.0
reconnais;1.0
gêfcer;1.0
publique;5.0
paraître;1.0
opposer;2.0
manquerait;1.0
nroviloires;1.0
porterait;1.0
facteur;1.0
écopomique;1.0
honneur;2.0
remplir;4.0
jonction;1.0
assume;1.0
distinction;1.0
arrivée;2.0
entrevue;1.0
raymond;8.0
poincaré;2.0
tombé;1.0
poli;1.0
féliciter;1.0
répondit;1.0
présence;2.0
tlte;1.0
ïetourner;1.0
événement;2.0
illtuatron;1.0
innove;1.0
modifié;10.0
redoutable;1.0
instant;1.0
incriminer;1.0
critique;1.0
montre;1.0
devrions;1.0
engager;1.0
déclarait;1.0
partisan;1.0
coutume;2.0
constitution;3.0
anglaise;2.0
faite;1.0
législative;2.0
reruse;1.0
observait;1.0
justement;3.0
délibérantes;1.0
instituées;1.0
surcharger;1.0
contribuable;1.0
diminution;2.0
regrette;2.0
gaston;3.0
user;1.0
microphone;1.0
ait;5.0
profité;1.0
réunir;1.0
versailles;1.0
réforme;1.0
déclare;1.0
terminant;1.0
radical;2.0
consulte;3.0
consultée;3.0
prononce;2.0
insistc-t-on;1.0
mise;5.0
conclusion;3.0
nonl;1.0
insistant;1.0
décider;2.0
ledulre;1.0
toutefois;6.0
déterminé;1.0
acceptent;1.0
contreprojet;1.0
recevable;1.0
application;14.0
faut;4.0
loir;1.0
enfoncer;1.0
porte;4.0
ltij;1.0
fermée;1.0
rouvrir;1.0
lafa-ye;1.0
rappelé;2.0
rep;1.0
moth;1.0
reietilies;1.0
restent;3.0
modifiées;3.0
cherchez;1.0
cultés;1.0
tou;1.0
conservent;2.0
gouy;1.0
proje-t;1.0
pligueront;1.0
noncer;1.0
chiffre;7.0
cflhaw;1.0
gostlit;1.0
puissions;1.0
medidirva;1.0
ehaca;1.0
iucstionc;1.0
posée;3.0
dewij;1.0
miné;1.0
défavorable;1.0
gouverne;2.0
cii;1.0
otv;1.0
résoudre;1.0
posons;1.0
enès;1.0
veau;1.0
vons;1.0
qat;1.0
répète;2.0
enfcki;1.0
ndget;1.0
eut;1.0
décide;1.0
conservez;1.0
dat;1.0
autoirisées;1.0
référant;1.0
cua;1.0
idoptési;1.0
appliquent;1.0
trouvera;1.0
difié;1.0
impossible;2.0
rése;1.0
ordinairement;1.0
mepc;1.0
esf;1.0
dfectne;1.0
jpr;1.0
aéra;1.0
jnter;1.0
tenir;2.0
venu;1.0
lien;1.0
ell;1.0
globar;1.0
penses;1.0
afférentes;1.0
plaudissements;1.0
monsiefl;1.0
remercie;1.0
préci;1.0
tofis;1.0
venez;1.0
elllis;1.0
dew;1.0
exacte;2.0
ledo;1.0
discussi;1.0
testera;1.0
dépose;1.0
retire;1.0
retir;1.0
rons;1.0
paraît;4.0
faible;1.0
entc;1.0
jie;1.0
plaisir;1.0
vez;1.0
stres;1.0
chap;1.0
trouve;1.0
possibi;1.0
poser;2.0
oiï;1.0
dieu;2.0
clos;3.0
expliquer;1.0
tom;1.0
rre;1.0
amidiou;1.0
prétendait;1.0
nislre;1.0
ramené;1.0
chasmire;1.0
timii;1.0
hugo;1.0
prophé;1.0
appelait;1.0
napoléon;1.0
petit;3.0
lit;2.0
temps-là;1.0
bud;1.0
iiw;1.0
constitulolluelle;1.0
lion;2.0
ilstitutionne;1.0
relative;10.0
ujo;1.0
semble-t-il;1.0
indiquait;2.0
peut-on;1.0
surpris;1.0
iojîî;1.0
licl;1.0
exposé;4.0
phrase;2.0
tee;1.0
atco;1.0
parlel;1.0
vlent;1.0
tal;2.0
celan;1.0
relativement;1.0
exact;2.0
ambre;2.0
récemment;1.0
comporte;3.0
importantes;2.0
tnêcgnt;1.0
écftrt;1.0
aître;1.0
légitime;1.0
indignation;1.0
dndlcations;1.0
charge;3.0
eprésenter;1.0
îonr;1.0
panait;1.0
caractère;2.0
temporaire;1.0
étonner;1.0
acceptait;1.0
mtp;1.0
simultanément;1.0
muni;1.0
immobiliser;1.0
éconojatre;1.0
tempohir;1.0
mpjp;1.0
base;5.0
jater;1.0
aire;2.0
prétexte;2.0
déièret-ini;1.0
ditionnel;1.0
précaire;1.0
tem;1.0
èoss;1.0
ftui;1.0
viendrait;1.0
aide;3.0
large;2.0
déception;1.0
atre;1.0
eispositions;1.0
insoutenables;1.0
itinb;1.0
ivefqei;1.0
imposait;1.0
impérativement;1.0
goun;1.0
alfe;1.0
révus;1.0
faveur;3.0
fonctionnaire;3.0
rentier;1.0
anp;1.0
att;1.0
ïombattants;1.0
cheminot;1.0
noul;1.0
puisse;3.0
étre;1.0
lnêule;1.0
gouver;1.0
tiennent;1.0
traité;3.0
votèrent;1.0
goii;1.0
beauc;1.0
allait;1.0
loin;1.0
iul;1.0
ajouté;1.0
vraierpent;1.0
facétieux;1.0
réclame;1.0
teval;1.0
orisatioil;1.0
produit;5.0
agricoles;4.0
esu;1.0
pose;2.0
officiellement;1.0
problème;4.0
dévaluation;2.0
évident;1.0
revaloialte;1.0
îrr;1.0
corrélative;1.0
vou;1.0
onnaie;1.0
sert;1.0
acheter;1.0
yez;1.0
occire;1.0
omie;1.0
étendue;1.0
indique;1.0
dur;1.0
règle;5.0
impératives;1.0
prescrivent;1.0
eeialité;1.0
ant;1.0
allces;1.0
promulguer;1.0
ttlllêe;1.0
expiration;2.0
cett;1.0
vidern;1.0
amère;1.0
evidemment;2.0
modifla;1.0
rèdf;1.0
wiqeiiixw;1.0
modiife;1.0
rènt;1.0
puisqu;3.0
supprime;1.0
ple;1.0
erit;1.0
méritait;1.0
relevé;1.0
ieouvernement;1.0
rassure;1.0
lls;1.0
résulteront;1.0
montant;10.0
parcelle;2.0
prend;1.0
importance;1.0
croissante;1.0
assurément;1.0
excessive;1.0
pourrons;1.0
retrouver;1.0
mistler;2.0
futures;1.0
insérés;1.0
amorce;1.0
verrons;1.0
bientôt;2.0
envisage;2.0
réduction;12.0
peuple;3.0
uisque;1.0
décision;9.0
espérer;2.0
réduira;1.0
prochaine;2.0
effectif;1.0
choisissant;1.0
entendent;2.0
rendant;1.0
inamovibles;1.0
sûreté;1.0
termine;1.0
rapidité;1.0
soulignera;1.0
significative;1.0
fermeté;2.0
publies;2.0
aimérions;1.0
croire;2.0
succès;1.0
voudrions;1.0
redouter;1.0
contraire;7.0
noyer;1.0
substantielles;1.0
vraiment;1.0
efficaces;1.0
avenir;3.0
fil;1.0
patte;1.0
empêchent;1.0
précisément;2.0
personnellement;1.0
association;1.0
réunion;3.0
étranglées;1.0
paraissant;1.0
votiez;1.0
veniez;1.0
combattre;1.0
suivre;1.0
sentiment;3.0
personnel;13.0
massacre;1.0
siégeant;1.0
associerons;2.0
expéditive;1.0
implique;1.0
indiquées;1.0
rares;2.0
pratiquement;3.0
illusoire;1.0
admis;2.0
chance;1.0
discutées;1.0
complaisance;1.0
aauche;2.0
restait;1.0
possibilité;5.0
reporter;1.0
désirions;1.0
formuler;2.0
préro;1.0
gative;1.0
demeurent;1.0
attaque;1.0
attentif;1.0
scrupuleux;1.0
basé;1.0
songé;1.0
attentatoire;1.0
renouvelée;1.0
employé;5.0
vois;1.0
choisir;1.0
restreinte;1.0
permettrait;1.0
préoccupent;1.0
êtes-vous;1.0
sûrs;3.0
etesvous;1.0
viendront;1.0
demandera;1.0
limitant;1.0
etes-vous;1.0
aurons;1.0
catégoriquement;1.0
supprimée;1.0
associer;2.0
invoquées;1.0
supplémentaire;2.0
songez;1.0
mar;12.0
est-à-dire;2.0
malencontreuse;1.0
ratification;6.0
franco-italien;1.0
rome;5.0
honorons;1.0
participé;1.0
institué;4.0
dessein;1.0
écarter;1.0
pourtant;1.0
exorbitante;1.0
survenus;2.0
société;6.0
nation;3.0
orientation;1.0
jugeons;2.0
détestable;1.0
apprenions;1.0
ambassadeur;2.0
soumettait;1.0
mussolini;1.0
information;1.0
parues;1.0
ivresse;1.0
exactes;1.0
programme;1.0
inadmissible;1.0
démembrement;1.0
ethiopie;1.0
europe;3.0
rêvent;1.0
existant;1.0
désaveu;1.0
formel;1.0
direct;1.0
pacte;3.0
établissent;1.0
jurisprudence;1.0
institue;1.0
interdit;3.0
conclu;2.0
feu;1.0
inai;1.0
puissance;1.0
union;1.0
soviétique;1.0
menacés;1.0
ratifié;1.0
lisant;1.0
apprenons;2.0
émissaire;1.0
officieux;1.0
navette;1.0
quai;1.0
orsay;1.0
wilhelmstrasse;1.0
berlin;3.0
pourparler;1.0
chancelier;1.0
hitler;1.0
eactrême;1.0
condamné;2.0
agence;1.0
havas;1.0
apprendre;1.0
évoqué;1.0
permets;3.0
consent;1.0
risquons;1.0
devenir;1.0
demeurer;1.0
applatulissements;1.0
comptez;1.0
silencieux;1.0
malfaisante;1.0
défense;2.0
paix;2.0
opposerons;1.0
fasaemblée;1.0
respectueusement;1.0
engagement;2.0
oiscussion;1.0
instituera;1.0
prochainement;1.0
enregistrerions;1.0
refus;2.0
silence;1.0
signe;1.0
volonté;2.0
délibérée;1.0
dérober;1.0
attend;1.0
exiger;2.0
vils;1.0
gaw;1.0
che;2.0
dte;1.0
dôture;1.0
déclarer;2.0
commence;1.0
aoissâ;1.0
comimdssiqn;1.0
dçs;1.0
prêté;1.0
concours;4.0
loyal;1.0
absolu;1.0
née;2.0
entré;1.0
effective;1.0
daiîementaire;1.0
tra;1.0
exer-;1.0
clarmations;1.0
composition;1.0
comptent;1.0
constitue;1.0
organe;2.0
nier;1.0
efficacité;1.0
désireux;1.0
sauvegarder;1.0
affirme;1.0
iaccepte;1.0
ddscuter;1.0
effectuees;1.0
livrée;1.0
soutenues;1.0
amsptie;1.0
exercé;1.0
poursuivre;1.0
conitions;1.0
spéciale;5.0
insiste;1.0
êtes;1.0
conjoncture;1.0
actuelles;1.0
est-à-;1.0
regret;1.0
forcé;1.0
incliner;1.0
imposent;3.0
impérieuses;1.0
elies;1.0
rapidement;3.0
haute;2.0
commencé;1.0
noblement;1.0
décidée;2.0
publiques;1.0
obtiens;1.0
pourrai;1.0
consacrer;1.0
nia;1.0
tâche;1.0
complexe;1.0
côté;1.0
délivrés;1.0
hypothèque;1.0
laisserait;1.0
attacher;1.0
important;4.0
se-posent;1.0
obtenue;1.0
semble;2.0
entière;1.0
vite;1.0
abrégeront;1.0
laissant;1.0
ememble;1.0
prévue;5.0
incline;2.0
clairvoyant;1.0
bonne;3.0
animée;1.0
intention;1.0
adoptez;1.0
arriverons;1.0
sanctionner;1.0
représente;1.0
obtenu;1.0
satisfaction;6.0
voulez-vous;1.0
pli;1.0
interrompre;1.0
monsieu;1.0
finail;1.0
lus;1.0
serais;3.0
tfl;1.0
paxt;1.0
sieur;2.0
réjouirais;1.0
fondément;1.0
reux;1.0
ojj;1.0
tenais;1.0
chac;1.0
inscrit;6.0
claire;1.0
dîuers-;1.0
ontrem;1.0
tornp;1.0
idg;1.0
taa;1.0
ppro;1.0
nexes;1.0
poursuivra;1.0
cédure;2.0
sle;1.0
bll-;1.0
lile;1.0
introduire;1.0
précisied;1.0
ttlls;1.0
soumettons;1.0
vpttf;1.0
pati;1.0
dépos;1.0
permetlr;1.0
lltui;1.0
accélérée;1.0
pid;1.0
terni;1.0
sintln;1.0
slre;1.0
stern;3.0
qreène;1.0
ilte;1.0
resiponsalbilité;1.0
àja;1.0
mte;1.0
prm;1.0
pnb;1.0
aof;1.0
réttfflebudltct;1.0
riprde;1.0
qtj;1.0
attaché;1.0
dfit;1.0
niiu;1.0
paplemeîrt-;1.0
cerpourquoi;1.0
suis-je;1.0
opposé;1.0
airnf;1.0
lctte;1.0
dure;1.0
vats;1.0
dépasser;1.0
dévolu;1.0
etlt;1.0
conlrôler;1.0
dépen;1.0
srs;1.0
votef;1.0
idcilt;1.0
séf;1.0
olls;1.0
pjj;1.0
financer;1.0
tiv;1.0
pjrrjev;1.0
tio;1.0
proposées;1.0
discutable;1.0
xtftâ;1.0
rie;1.0
montrait;1.0
favejadiscutl;1.0
trot;1.0
amende;14.0
tro;1.0
vait;1.0
qtu;1.0
proiposée;1.0
aboli;1.0
ljlns;1.0
limité;1.0
presarifj;1.0
eil;1.0
somijes;1.0
breux;1.0
penser;2.0
llan;1.0
précision;1.0
sul;1.0
verse;1.0
parites;1.0
bilt;1.0
wcc;1.0
oufclde;1.0
cussion;1.0
généralo;1.0
lirnitécet;1.0
sibj;1.0
iiap;1.0
utilement;2.0
jii;1.0
chairujre;1.0
aue;1.0
aidc;1.0
jwatifs;1.0
continuerent;1.0
permettre;2.0
pjuté;1.0
tur;1.0
xtes;1.0
croit;1.0
nuisible;1.0
neraj;1.0
disposés;2.0
nqué;1.0
elercices;1.0
lé;2.0
tludgs;1.0
ooget;1.0
ouver;1.0
permette;1.0
jwtis;1.0
laps;1.0
défassant;1.0
quinzaine;1.0
entent;1.0
discuté;1.0
régulière;1.0
estimons;1.0
juchons;1.0
soclaliste;1.0
rieur;1.0
amendees;1.0
retira;1.0
alù;1.0
lie;1.0
lel;1.0
annexa;1.0
let;1.0
httre;1.0
tomberaient;1.0
présiflem;1.0
avoue;1.0
redoute;1.0
interprétez;1.0
juge;2.0
souverain;1.0
mae;1.0
illa;1.0
terreur;2.0
redouble;1.0
-dans;1.0
domu;1.0
interprétation;5.0
gou;1.0
eernement;1.0
oivoulons-nous;1.0
qhi;1.0
poétique;1.0
iiïiport;1.0
lillp;1.0
ortants;1.0
puissent;2.0
inslittler;1.0
sanctionnées;1.0
étbès;1.0
ètre;1.0
posés;1.0
sancje;1.0
m-cessaîres;1.0
lncïirve;1.0
arréant;1.0
ernr;1.0
agréent;1.0
sernents;1.0
redressant;1.0
erreur;1.0
lrra;1.0
déclaré;1.0
urrait;1.0
extérieures;1.0
ssem;1.0
gaela;1.0
scussion;1.0
nanceg;1.0
ilpîtt;1.0
inscrire;1.0
empêher;1.0
conviendra;1.0
inexact;1.0
comprendrez;1.0
retiré;1.0
mets;1.0
socialiste;2.0
recueillis;1.0
dépouillement;2.0
votant;3.0
absolue;3.0
fasciste;1.0
fixée;3.0
ultérieurement;2.0
revaloriser;1.0
établir;1.0
proportion;1.0
prix;14.0
consommation;3.0
-débat;1.0
ultétieurement;1.0
protéger;1.0
vie;1.0
reglement;1.0
minuit;1.0
vendredi;3.0
samedi;2.0
lundi;1.0
chambré;1.0
ouvrira;1.0
prononcée;1.0
partageront;1.0
convient;1.0
ampleur;1.0
suffisante;1.0
bienl;2.0
commencerait;1.0
rappelle;1.0
forte;1.0
fixées;2.0
voyez;1.0
sauvegardés;1.0
lre;2.0
fixation;5.0
recrutement;3.0
armée;11.0
nomination;2.0
surveillance;1.0
caisse;2.0
consignation;1.0
candidature;4.0
adrien;3.0
dariac;2.0
comité;2.0
consultatif;1.0
risque;2.0
accident;3.0
causés;2.0
véhicule;3.0
automobile;1.0
prévoyance;1.0
sociale;6.0
julien;3.0
maurice;3.0
rolland;3.0
lerolle;2.0
art;4.0
approbation;1.0
convention;7.0
consulaire;1.0
signée;2.0
riga;1.0
lettonie;1.0
michel;5.0
parés;1.0
août;10.0
algérie;5.0
promulgués;1.0
compétence;2.0
diiscussion;1.0
ratifier;27.0
douane;12.0
marchandise;7.0
réglementant;1.0
importation;8.0
zinc;2.0
plomb;2.0
niai;1.0
taxe;10.0
licence;2.0
diseukseion;1.0
acquisition;1.0
terrain;1.0
dite;1.0
contenance;1.0
hectare;1.0
are;1.0
centiare;1.0
attenant;1.0
cimetière;1.0
canadien;1.0
vimy;1.0
pas-de-calais;3.0
perpétuelle;1.0
gratuite;1.0
canada;1.0
guernier;2.0
geistdoerfei;1.0
guy;1.0
compléter;4.0
armement;2.0
henry;6.0
fougère;2.0
sui;1.0
emile;10.0
umoa;1.0
ees;2.0
inviter;3.0
couver-;1.0
nement;1.0
admettre;1.0
batellerie;1.0
fluviale;1.0
fortant;1.0
air;11.0
création;5.0
contingent;4.0
décoration;4.0
traitement;4.0
destinée;4.0
récompenser;4.0
active;2.0
aéronautique;5.0
étendre;2.0
veuve;2.0
militaire;16.0
retraité;2.0
juin;8.0
avril;6.0
civil;9.0
brocard;3.0
eugène;3.0
commerce;4.0
industrie;2.0
repris;1.0
vente;4.0
déballage;2.0
georges;13.0
mazerand;1.0
salengro;2.0
bracke;2.0
déclassement;1.0
enceinte;1.0
place;4.0
lille;1.0
fernrtnd;1.0
augé;3.0
législation;4.0
criminelle;3.0
susse;1.0
dette;2.0
hypothécaires;2.0
audit;1.0
propriétaire;3.0
immeuble;3.0
parès;2.0
féiix;1.0
gouin;2.0
accélérer;1.0
justice;12.0
simplification;1.0
dispositif;1.0
jugement;2.0
arrêt;2.0
ravel;2.0
petrus;1.0
faure;4.0
bénéficier;2.0
travaillant;1.0
établissement;7.0
privée;1.0
cumul;2.0
versement;3.0
calcul;1.0
retraite;3.0
perret;1.0
agriculture;4.0
périn;2.0
nièvre;2.0
gouvernem;1.0
abroger;3.0
engrais;1.0
azotés;1.0
barthélémy;5.0
suffrage;2.0
universel;2.0
électorat;2.0
municipal;5.0
pré;1.0
ident;1.0
gratien;2.0
tarif;2.0
douanier;12.0
applicable;5.0
dérivé;1.0
pétrole;1.0
distribuée;5.0
renvoyée;8.0
commerciale;2.0
complétant;2.0
aisp;1.0
sitions;1.0
codification;1.0
blé;2.0
lebret;2.0
rela-;1.0
live;1.0
oeb;1.0
ass;1.0
liment;1.0
resolution;1.0
atnj;1.0
lution;2.0
autorisa;1.0
miner;1.0
reconduction;1.0
loterieâes;1.0
région;3.0
libéré;2.0
inprjd;1.0
mée;2.0
castel;2.0
transport;2.0
cernant;1.0
vin;1.0
cidre;1.0
covo;1.0
boisson;1.0
levée;1.0
midi;2.0
qll;1.0
siénograpj;1.0
députesi;1.0
detot;1.0
liste;5.0
électorales;1.0
radl;1.0
berthod;1.0
désignation;1.0
permanente;1.0
arxlje;1.0
indépendant;1.0
gau;1.0
désigné;1.0
baudouin-bugnet;1.0
étrang;1.0
henry-iiaye;1.0
démissionnaire;2.0
henry-haye;1.0
reroplaceolonies;1.0
esataiidgre;1.0
protectorat;2.0
idérées;1.0
colisi;1.0
ratifiées;1.0
jpositiojj;1.0
ositioil;1.0
remise;3.0
clia;1.0
brc;1.0
-ire;1.0
tête;1.0
jollr;1.0
tiendra;1.0
serf;1.0
cnt;1.0
règlerae;1.0
orr;1.0
visant;1.0
protection;1.0
tone;1.0
pondances;1.0
signal;1.0
déttï;1.0
tranismis;1.0
vole;1.0
radioélectrique;1.0
teur;3.0
duval-arnould;3.0
nommé;54.0
rappora;1.0
autort;1.0
unsiar;1.0
ycali;1.0
conservatoire;1.0
aéronef;2.0
concw;1.0
ori;1.0
tiers;1.0
oirnnages;1.0
surface;1.0
conclue;2.0
stlr;1.0
ace;1.0
léeulier;1.0
ieï;1.0
ftion;1.0
sturi;1.0
laeili;1.0
organisation;1.0
corporative;1.0
tento;1.0
professionnel;2.0
marché;2.0
lait;1.0
ctlérin;1.0
siti;2.0
fayswarlittoes;1.0
encourager;1.0
pla;1.0
parfum;1.0
oerfetti;1.0
itiion;1.0
êlumfe;1.0
iivlter;1.0
ecteurs;1.0
ruraux;2.0
moratoire;2.0
producteur;1.0
jnteg;1.0
actée;1.0
fournisseur;1.0
onner;1.0
payement;6.0
arrêtpt;1.0
iinlnédiatement;1.0
ission;1.0
alcêrie;1.0
colonie;2.0
augus;1.0
brunct;1.0
rapportrj;1.0
diw;1.0
projet-;1.0
septeml;1.0
-rû;1.0
organisant;1.0
tiion;1.0
mixtes;1.0
alsace;1.0
lorrain;1.0
wilt;1.0
charth;1.0
qodifi;1.0
lusieurs;1.0
mod;1.0
modifiée;1.0
allouer;2.0
indemnité;6.0
fit;2.0
expert;1.0
miellel;1.0
waiter;1.0
rappor;1.0
lcîlel;1.0
sltl;1.0
tendit;1.0
colarticle;1.0
code;1.0
industriel;2.0
local;3.0
introduction;1.0
haut-rhin;1.0
bas-rhin;1.0
moselle;2.0
statut;3.0
journaliste;1.0
bravet;2.0
tableau;4.0
emploi;6.0
réservés;2.0
poste;10.0
télégraphe;4.0
téléphone;4.0
bénéficiaire;3.0
fond;8.0
adolphe;2.0
chéron;2.0
théodore;2.0
valensi;1.0
réglementation;3.0
éducation;1.0
physique;2.0
enseignement;1.0
beaux-arts;1.0
inizan;1.0
assujetti;5.0
autorisation;1.0
oignon;1.0
frai;3.0
duchesne-fournet;1.0
astreints;1.0
importateur;3.0
bois;1.0
sciés;2.0
autrichien;1.0
mendès-france;7.0
ratifiant;2.0
spéciaux;3.0
origine;4.0
sarrois;3.0
tailliandier;3.0
chevaux;2.0
boucherie;2.0
serda;3.0
banane;1.0
relèvement;1.0
ehevaux;1.0
aecord;1.0
prorogeant;2.0
durée;4.0
francoallemands;2.0
sarre;2.0
signés;2.0
nionue;1.0
exonérant;4.0
cuivre;2.0
brut;1.0
chilien;1.0
majoration;6.0
fîymans;1.0
tarification;11.0
bobine;1.0
poïfr;1.0
enroulement;1.0
film;1.0
photographiques;1.0
cinématographiques;1.0
them;1.0
dea;2.0
faxe;1.0
provenance;3.0
hongrois;1.0
taudière;4.0
eui;1.0
plaque;2.0
indicateur;1.0
tôle;1.0
acier;1.0
fonte;1.0
émaiîlée;1.0
hymans;4.0
oxides;1.0
chrome;1.0
turc;1.0
applieahtés;1.0
carton;1.0
lustrés;1.0
presspan;1.0
taudîère;1.0
ara;2.0
pyobibé;1.0
exportation;1.0
marehaooises;1.0
bougie;1.0
allumage;1.0
nicolte;1.0
manche;1.0
outil;1.0
nioolle;1.0
décaret;1.0
catégorie;4.0
machine-outil;1.0
eïhe;1.0
protêt;1.0
ehlq;1.0
rure;1.0
sodium;1.0
guihon;1.0
ltauaer;1.0
portait;1.0
inéfàification;1.0
eoa;1.0
barmoniques;1.0
naminâ;1.0
etjcfiflô;1.0
résidu;1.0
bisumtiquos;1.0
fabrication;1.0
pâte;1.0
papier;1.0
nemmé;1.0
tait;1.0
teaidant;1.0
decret;1.0
ezm;1.0
rani;1.0
dfe;1.0
taxa;1.0
impartation;1.0
litîmaaiesnesr;1.0
elbel;1.0
élé;1.0
nosané;1.0
rno;1.0
fàisfàm;1.0
îatifiw;1.0
mrdifleatioîn;1.0
gianit;1.0
ouvré;1.0
modifleation;1.0
marbre;1.0
ouvrés;1.0
octobc;1.0
noir;1.0
minéral;1.0
nicolle;3.0
moteur;1.0
diesel;1.0
iea;1.0
noi;1.0
publication;3.0
propagande;1.0
originaire;1.0
congo;1.0
belge;1.0
-droits;1.0
datte;1.0
valière;2.0
raoul;1.0
evrard;2.0
occupés;1.0
charbon;4.0
motrice;1.0
archimbaud;2.0
malingre;2.0
geistdoerfer;1.0
marin;2.0
marine;1.0
marchand;1.0
tranchand;2.0
albert;5.0
sérol;1.0
remplacement;1.0
lengrand;2.0
jean;14.0
goy;3.0
ancienneté;3.0
officier;4.0
disponibilité;1.0
provenant;1.0
gellie;2.0
tendant-;1.0
titulaire;4.0
mixte;2.0
créée;1.0
intégralité;1.0
réparation;1.0
infirmité;1.0
résultant;1.0
rené;6.0
besse;2.0
lir;1.0
fixant;2.0
mutilé;1.0
peissel;2.0
remariées;1.0
robert;8.0
grandmaison;1.0
écrites;2.0
decembre;1.0
snmmairement;1.0
rédigées;1.0
suivent;1.0
imprimées;1.0
faculté;5.0
écrit;1.0
vintérêt;1.0
réclament;1.0
rassembler;2.0
semaine;1.0
publie;1.0
répondu;1.0
agri;1.0
culture;1.0
négociant;1.0
acheté;1.0
quintal;2.0
livrable;1.0
paver;1.0
comprise;1.0
payés;1.0
poir;1.0
e-balquintal;1.0
oudi;1.0
ofe;1.0
cier;1.0
cadre;5.0
navigant;1.0
niiiflz;1.0
passe;1.0
corps;4.0
administratif;4.0
scr;1.0
traite;2.0
expose;14.0
coloe;1.0
ditedil;1.0
ex-commis;1.0
stes;1.0
indochine;2.0
dée;1.0
exécutée;1.0
cornpte;1.0
compta;1.0
obvier;1.0
carence;1.0
gouv;1.0
education;1.0
bénassy;4.0
ljncr;1.0
cation;2.0
novell;1.0
adre;1.0
maître;2.0
interlat;1.0
licencié;1.0
bachelier;1.0
pourvoir;1.0
répétiteur;1.0
pro;1.0
fesseur;1.0
ratt;1.0
canlille;1.0
chaire;2.0
créées;1.0
oclobftaifes;1.0
supplénj;1.0
ntaîres;1.0
lycée;4.0
garçon;2.0
éparte;1.0
dnes;1.0
jeune;3.0
dedl;1.0
nette;1.0
édlcatiod;1.0
récent;1.0
pharmacie;1.0
nancy;2.0
science;2.0
naturel;1.0
mavf;1.0
cale;1.0
attribuée;1.0
candidat;4.0
possédant;2.0
certificat;1.0
tanla;1.0
hti;1.0
macie;1.0
bres;1.0
mière;1.0
ligne;1.0
matou;1.0
présent;1.0
totls;1.0
scientifique;2.0
requis;2.0
pluipt;1.0
cjiar;1.0
travaux;5.0
seypu;1.0
acs;1.0
femme;1.0
célibataire;1.0
aiiietir;1.0
pourvue;1.0
fanàldae;1.0
inférieur;3.0
cail;1.0
prodidat;1.0
susindiqué;1.0
père;1.0
famile;1.0
mante;1.0
rnbre;1.0
déci;1.0
-mbre;1.0
riéchambre;1.0
p-fop;1.0
taire;2.0
récoltant;1.0
exerçant;1.0
aille;1.0
fession;1.0
débitant;1.0
adm;1.0
oblige;2.0
quantité;1.0
cidrp-ci;1.0
frape;1.0
familiale;1.0
ose;1.0
reibel;2.0
minl;1.0
ailallooo;1.0
nlî;1.0
amcilî;1.0
rétnur;1.0
nnérai;1.0
atténuer;1.0
cue;1.0
-sont;1.0
traiten;1.0
bst;1.0
cohectivltéos;1.0
publiù;1.0
tahi;1.0
appoibtements;1.0
comptable;1.0
collectivité;1.0
ordonnateur;1.0
dûment;1.0
qwttana;1.0
prenantes;1.0
cctte;1.0
tonction;1.0
comwn;1.0
ine;1.0
-décision;1.0
rostr;1.0
comportant;1.0
désoretre;1.0
appuyé;1.0
arrêté;4.0
visé;1.0
préfet;2.0
agent;5.0
étaements;1.0
puni;1.0
lke;1.0
justifigative;1.0
constituer;1.0
taia;1.0
faûle;1.0
pwbles;1.0
décemlbre;1.0
rey-rua;1.0
calculée;1.0
spécialité;1.0
pharrnaflu;1.0
majoré;4.0
fnsp;1.0
expétn;1.0
lrjnoo;1.0
ïûom;1.0
lant;1.0
fabricant;1.0
perçoit;1.0
rodez;1.0
gavent;1.0
finansi;1.0
accordant;1.0
loyer;14.0
tiéells;1.0
applique;2.0
îoantflaires;1.0
bau;1.0
chasse;1.0
pêclhe;1.0
urilf;1.0
compour;1.0
récupération;1.0
ôan;1.0
vit;1.0
etats;2.0
ville;1.0
collee;1.0
dépendant;1.0
dkns;1.0
contractuel;5.0
ûqiyjrg;1.0
annuel;1.0
qpmrnim;1.0
dubl;1.0
emprunts-or;1.0
lié;1.0
négociation;1.0
a-pon;1.0
vlhe;1.0
tokio;1.0
frnnce;1.0
erl;1.0
èrtvi;1.0
concrètes;1.0
transaction;1.0
élaborée;1.0
agaj;1.0
emprunts-ot;1.0
compagnie;1.0
saofle;1.0
ibo-grande;1.0
miflions;1.0
franc;1.0
actuels;2.0
taires;1.0
bassin;1.0
houiller;1.0
heîacitfp;1.0
ftaie;1.0
ies;1.0
jsv;1.0
yen;1.0
pression;1.0
obliger;1.0
débiteur;1.0
fal;1.0
face;1.0
tif;1.0
valables;1.0
costa-rica;1.0
fes;1.0
engage;1.0
ûent;1.0
solennels;1.0
assurant;1.0
restant;2.0
circutation;1.0
circulation;3.0
forma;1.0
ement;1.0
tribunal;8.0
forme;2.0
ledit;2.0
apr;1.0
portugais;1.0
contions;1.0
sourde;1.0
oreille;1.0
réclamation;1.0
nées;1.0
porteur;1.0
obiiga;1.0
ïigagernp-;1.0
ïiisqii;1.0
nilssion;1.0
démarche;1.0
eflettué;1.0
iupi;1.0
répuv;1.0
ilaiti;1.0
rembourson;1.0
enst;1.0
ando;1.0
abat;1.0
eilue;1.0
hxè;1.0
retenue;1.0
loo;1.0
vendeur;1.0
joseph;7.0
rossé;4.0
réserviste;5.0
parcours;1.0
autobus;1.0
dépassait;1.0
kilomètre;3.0
willgottheim;1.0
strasbourg;3.0
départ;1.0
camp;1.0
libération;1.0
gare;2.0
suippes;1.0
repas;2.0
pouvaient;1.0
journalier;1.0
devaient;1.0
nuit;2.0
moyen;1.0
communication;1.0
domicile;1.0
arrivé;1.0
indiquer;2.0
itinéraire;1.0
supporter;1.0
débours;1.0
inutiles;1.0
accomplit;1.0
aîné;2.0
enfant;1.0
frère;1.0
fens;1.0
radiotélégraphiste;1.0
guerro;1.0
titularisés;1.0
défaut;1.0
classés;1.0
prochain;1.0
rent;1.0
maison;2.0
hahitalion;1.0
location;3.0
bail;8.0
rëcrit;1.0
consenti;1.0
locataire;4.0
sudérieur;1.0
lardillier;1.0
affirmer;1.0
préjuger;1.0
judiciaire;1.0
intervenir;1.0
tombée;1.0
désuétude;1.0
inconnu;1.0
tntdressés;1.0
trouvent;3.0
contrevenir;1.0
envisager;1.0
circulaire;3.0
chancellerie;2.0
parquet;1.0
prescrivant;1.0
examiner;1.0
bienveillance;2.0
abstenir;1.0
poursuite;1.0
commerçant;3.0
immédiatement;1.0
inclinés;1.0
avertissement;1.0
préalable;1.0
alfred;1.0
court;2.0
cultivateur;1.0
occupant;1.0
exploitant;1.0
luimême;1.0
ferme;1.0
achetée;1.0
rente;2.0
viagère;1.0
comseil;1.0
sturmel;3.0
quête;1.0
iwfilet;1.0
recherche;1.0
abus;2.0
défini;1.0
juîllet;1.0
paraîtra;1.0
prévus;2.0
réprimer;1.0
échéant;2.0
envisagées;1.0
publié;1.0
portantuéwtwn;1.0
chargé;1.0
puffuques;1.0
mutuelle;1.0
épargne;1.0
récie;1.0
pouvant;1.0
consentir;1.0
adhérent;1.0
ouverture;1.0
rooenql;1.0
subvention;1.0
avance;1.0
lêtre;1.0
assimilé;1.0
immobilier;1.0
placée;1.0
habitation;2.0
dac;1.0
quinot;1.0
montai;1.0
allocation;1.0
distribuées;1.0
fenés;1.0
daiie;1.0
eniière;1.0
partefoont;1.0
seine;12.0
métis;1.0
contribution;1.0
tetat;1.0
entières;1.0
jardinier;1.0
apprenti;3.0
pourvu;1.0
eontrat;1.0
apprentissage;1.0
eimtorroe;1.0
contrat;1.0
vtons;1.0
stipulé;1.0
iri;1.0
noerri;1.0
logé;1.0
recevra;1.0
espèce;5.0
rétribution;1.0
sage;1.0
obligatoirement;2.0
aiïx;1.0
perçoive;1.0
salaire;3.0
atfirmafive;1.0
rangé;1.0
mermod;2.0
ttravah;1.0
usé;1.0
iwiqitw;1.0
employeur;1.0
embauchent;1.0
quell;1.0
versées;2.0
richard;3.0
adressée;1.0
contentieux;1.0
régional;1.0
fthûne;1.0
gérant;5.0
succursale;1.0
multiple;1.0
assuré;2.0
obligatoires;1.0
reconnu;1.0
fou;1.0
salarié;2.0
maximum;3.0
comporta;1.0
précitée;1.0
vigueur;3.0
frppeibtés;1.0
touchent;1.0
pourcentage;1.0
plu;1.0
embauulmt;1.0
payent;1.0
ramène;1.0
réel;1.0
prévu;1.0
cotisé;1.0
simple;1.0
remboursement;4.0
cotisation;1.0
totalité;1.0
fonction;4.0
berlia;2.0
branchement;3.0
colonne;2.0
tante;1.0
compteur;1.0
abonné;1.0
adresse;1.0
concessionnaire;2.0
exécution;2.0
usant;1.0
réservée;1.0
cahier;1.0
exécuter;1.0
montantes;1.0
revient;1.0
austlfié;1.0
négative;2.0
statue;1.0
boulay;2.0
publiee;1.0
pont;1.0
chaussée;1.0
placer;1.0
route;6.0
trafic;1.0
largeur;2.0
idandles;1.0
jaune;3.0
indiquer-aux;1.0
usager;2.0
divisée;1.0
passage;4.0
égal;1.0
etayant;1.0
milieu;1.0
occupé;2.0
voiture;1.0
apparaît;1.0
bande;1.0
division;3.0
autorisent;2.0
tripler;1.0
employer;1.0
myre;1.0
mory;1.0
salle;2.0
attente;1.0
classe;12.0
arrêtent;1.0
train;1.0
éclairées;1.0
ecrites;1.0
vaiensl;1.0
réunissant;1.0
ininterrompus;1.0
sous-agents;1.0
tunisie;2.0
étude;1.0
mutation;4.0
métropole;1.0
mentjon;1.0
favorable;1.0
consultative;1.0
réunie;1.0
giraud;1.0
accompli;1.0
affectation;2.0
recevoir;1.0
ouvriront;1.0
sollicitées;1.0
intéressé;2.0
prononcées;1.0
convenance;1.0
personnelles;1.0
sauraient;1.0
déplacement;1.0
envisagé;1.0
gratuité;1.0
traversée;1.0
trouveraient;1.0
ballu;2.0
porté;1.0
gendarmerie;1.0
habilité;1.0
percevoir;1.0
institutiom;1.0
quittance;3.0
délivrées;2.0
infraction;2.0
routière;1.0
nature;5.0
contravention;2.0
transactionnelle;2.0
apporte;1.0
soulagement;2.0
appréciable;1.0
police;9.0
pénales;2.0
perception;3.0
perçu;1.0
contrevenant;6.0
interpellés;6.0
indiquée;1.0
régression;1.0
évaluer;1.0
directe;1.0
forfaitaires;1.0
influence;1.0
constatation;1.0
apprécier;2.0
notable;2.0
résulter;1.0
écoulé;1.0
touristique;1.0
automne;1.0
apprécié;1.0
remboursé;1.0
concierge;4.0
chauffage;5.0
arsenal;1.0
gré;1.0
jntcressés;1.0
choisissent;2.0
livré;1.0
appartiennent;1.0
solution;1.0
équitable;1.0
brûleraient;1.0
combustible;2.0
loge;1.0
remis;1.0
payée;1.0
instruction;1.0
borel;2.0
radiesthésie;2.0
école;6.0
affirmative;2.0
incombe;1.0
noveri;1.0
coût;1.0
nadaillac;2.0
adjudahts-cllefo;1.0
adjudant;2.0
sortie;1.0
confectionnée;1.0
-sur;1.0
sure;1.0
lésé;1.0
certan;1.0
commande;1.0
tailleur;1.0
écoulés;1.0
fection;1.0
réception;1.0
insnl;1.0
suppos;1.0
mentaire;1.0
supprimé;1.0
pos;1.0
sible;1.0
honorable;2.0
volt;1.0
pde;1.0
troupe;1.0
adjudant-chef;1.0
exposée;1.0
ci-dessus;3.0
instructif;1.0
précises;1.0
caus-e;1.0
chai;1.0
lia;1.0
no-;1.0
écrite;2.0
vernbre;1.0
midol;2.0
doussain;2.0
cac-;1.0
mobilisateurs;1.0
infanterie;1.0
proposent;1.0
tuellement;1.0
nour;1.0
cription;1.0
légion;1.0
blessure;1.0
bénéficiant;1.0
perfectiol;1.0
comptant;2.0
niois;1.0
rnolf;1.0
front;2.0
inii;1.0
affecté;1.0
deut;1.0
fanterie;1.0
citation;1.0
régiment;1.0
raois;1.0
rooig;1.0
consécutifs;1.0
séjour;1.0
bénei;1.0
fejcj-t;1.0
pel;1.0
tionnement;1.0
qtle;1.0
totalisera;1.0
rnobilis;1.0
teurs;1.0
interprètent;1.0
différemment;1.0
texteg;1.0
flcier;1.0
prop;1.0
pprvic;1.0
sei;2.0
note;1.0
vraisemblablement;1.0
réceini;1.0
promu;1.0
grade;2.0
supérieur;1.0
cembre;1.0
dfb;1.0
esen;1.0
connaissance;1.0
prié;1.0
fitire;1.0
outefois;1.0
voit;1.0
nornl;1.0
oincic;1.0
ortie;1.0
interieur;1.0
dde;1.0
camille;4.0
dcmaceveuf;1.0
cqii;1.0
buraliste;1.0
commissionnaire;1.0
seiller;1.0
maire;4.0
erv;1.0
aht;1.0
délégué;1.0
état-civil;1.0
mar-a;1.0
ringe;1.0
aulre;1.0
adjoint;1.0
enip;1.0
absent;2.0
g-j;1.0
délégation;1.0
municipa;1.0
empêchement;1.0
jntî;1.0
jtssi;1.0
desgranges;2.0
publiera;1.0
usa;1.0
discours;2.0
octdbre;1.0
solennelle;2.0
tpnjiiuo;1.0
institut;2.0
iquestion;1.0
dfrtypjtoe;1.0
lerniète;1.0
flnstiq;1.0
publiés;1.0
aussitôt;1.0
envoi;1.0
ttaministr;1.0
tlon;1.0
rucart;2.0
mlnie;1.0
prescrit;2.0
ean;1.0
avancement;2.0
dan;1.0
répuhlim;1.0
venture;1.0
arrigr;1.0
quûde;1.0
iufi;1.0
inunal;1.0
dépit;1.0
diversité;1.0
çerta;1.0
ceinent;1.0
communaux;1.0
accéder;1.0
eure;1.0
concilier;1.0
résîjlant;1.0
îoncticpglico;1.0
foncbre;1.0
octoà;1.0
plisse;1.0
promotion;3.0
vijw;1.0
unndrau;1.0
semblable;1.0
lillé;1.0
communal;1.0
qualfqa;1.0
wpp;1.0
pal;1.0
inscription;1.0
ques;1.0
nse;1.0
jjispent;1.0
letton;1.0
reclassement;1.0
îîreu;1.0
inistériel;1.0
applip;1.0
réservoe;1.0
nviit;1.0
omis;1.0
dipoque;1.0
iit;1.0
sqp;1.0
ars;1.0
elat;1.0
sreté;1.0
écret;1.0
contradiction;1.0
red;1.0
dllune;1.0
jjrétet;1.0
appartiendrait;1.0
baot;1.0
fai;1.0
cot;2.0
frmément;1.0
pere;1.0
ïihei;1.0
xavier;2.0
vallat;2.0
ise;1.0
commissaire;4.0
categorie;2.0
rtca;1.0
vaeq;1.0
gorle;1.0
octoe;1.0
quesllon;1.0
octaréponse;1.0
surv;1.0
décès;1.0
commtssal-;1.0
ulsent;1.0
nsj;1.0
produisent;1.0
courraient;1.0
ser;1.0
vic;1.0
gtr;1.0
confilî;1.0
débutant;1.0
candidal;2.0
nommer;2.0
irl;1.0
llée;1.0
têiw;1.0
ûtfe;1.0
nnlr;1.0
posio;1.0
comttls;1.0
ceis-ant;1.0
froment;2.0
station;1.0
thermales;1.0
balnéaires;1.0
appartement;1.0
loués;1.0
saison;1.0
tojcr;1.0
saurait;1.0
sortir;1.0
attribution;1.0
relève;1.0
exclusive;1.0
vidal;5.0
immobilière;1.0
revision;2.0
commercial;1.0
demandée;1.0
abattement;2.0
fixer;1.0
législatifs;1.0
invoqués;1.0
litige;1.0
preuve;1.0
occupation;1.0
qalnze;1.0
prétention;1.0
aloide;1.0
delmont;2.0
jutn;1.0
triennale;1.0
commençant;1.0
est-a-dire;1.0
tard;1.0
votte;1.0
payé;2.0
abaissé;1.0
frappe;1.0
futur;1.0
abaissés;1.0
précité;1.0
ajoutée;1.0
effectivement;1.0
scapini;2.0
revisés;1.0
susceptibles;1.0
postérieure;1.0
promulgation;1.0
réserva;1.0
proeddurê;1.0
abrami;1.0
ale;1.0
amat;1.0
haute-ga-;1.0
ronne;1.0
appourchaux;1.0
bertrand;2.0
aubert;1.0
auditfret-pasquicr;1.0
duc;2.0
ferdinand;2.0
tarn-et-garonne;1.0
aulois;1.0
henri;3.0
bacquet;1.0
barbero;1.0
liarbot;1.0
bardon;1.0
baron;2.0
etienne;2.0
tarnet-garonne;1.0
barrachin;1.0
ardennes;2.0
bataille;1.0
baudouid-bugnet;1.0
baudry;1.0
beauguitte;1.0
bmu;1.0
bernier;1.0
william;1.0
bîaisot;1.0
diane;1.0
blériot;1.0
bloud;1.0
boissel-dombroval;1.0
boissln;1.0
bonnefous;2.0
seine-et-oise;1.0
aveyron;2.0
bonnet;1.0
roucheron;1.0
bouëssé;1.0
bouissoud;1.0
cbarles;1.0
saône-et-loire;1.0
bousgarbiès;1.0
boyer;1.0
brachard;1.0
braise;1.0
bréant;1.0
bret;1.0
briquet;1.0
auguste;4.0
bruyas;1.0
rhône;4.0
campinchi;1.0
canda;1.0
candace;1.0
guadeloupe;1.0
carbuccia;1.0
carron;1.0
castellane;1.0
stanislas;1.0
cathala;1.0
selneet-olse;1.0
cautru;1.0
cayrel;1.0
cazals;1.0
ariège;2.0
chammard;1.0
chappedelalne;1.0
chassalgne-goyon;1.0
chastanet;1.0
isère;2.0
chatenet;1.0
seine-et-olse;1.0
chichery;1.0
clerc;1.0
coache;1.0
cointreau;1.0
colomb;1.0
compayré;1.0
oral;1.0
cornu;1.0
cotv;1.0
rend;1.0
coudert;1.0
couillcrot;1.0
coiirson;1.0
courteboux;1.0
courtier;1.0
cousin;1.0
coutel;1.0
creyssel;1.0
cuttoti;1.0
daille;1.0
dalimler;1.0
daniélou;1.0
decréquy;1.0
deiadie;1.0
liaurlze;1.0
delbos;1.0
deligne;1.0
delsart;1.0
nord;5.0
denais;1.0
josepn;1.0
denis;1.0
deschanel;1.0
desprez-potié;1.0
diesbaçh;1.0
dignac;1.0
dommange;1.0
dormann;1.0
durhesne-fournet;1.0
duros;1.0
duez;1.0
dupuy;1.0
lwg;1.0
durand;2.0
vendée;1.0
doubs;2.0
duval;1.0
alexandre;1.0
eubeù;1.0
engerand;1.0
evain;1.0
eynac;1.0
fabry;1.0
falcoz;1.0
fauchon;1.0
emue;1.0
indreet-loire;1.0
nort;1.0
fayssat;1.0
ferry;1.0
désiré;1.0
feuillette;1.0
fillon;1.0
flandin;1.0
pierre-;1.0
fleury;1.0
forgent;1.0
foüjd;1.0
foulon;1.0
fourès;1.0
framond;1.0
franklin-bouillon;1.0
frey;1.0
fridourg;1.0
frossara;1.0
gaillemin;1.0
galandou-diout;1.0
gallet;1.0
gatiparin;1.0
gironde;3.0
génois;1.0
gentin;1.0
gourd;1.0
eau;1.0
graêve;1.0
graiidqnaison;1.0
grisoni;1.0
groussau;1.0
gruet;1.0
guastavino;1.0
gulllois;1.0
guillon;1.0
karcourt;1.0
hauet;1.0
haye;1.0
henriot;1.0
hérard;1.0
héraud;1.0
herriot;1.0
liesse;1.0
luizan;1.0
jacot;1.0
jacquinot;1.0
ri-lambert;1.0
jouflrault;1.0
julgné;1.0
marquis;2.0
kérouartz;1.0
tachai;1.0
lacourt;1.0
ferronnays;1.0
lalont;1.0
ernest;2.0
groudière;1.0
lallemant;1.0
moureux;1.0
myre-mory;1.0
laniel;1.0
laurens;1.0
fernand-laurent;1.0
lecaehcux;1.0
leco;1.0
nte;1.0
corbelller;1.0
grandmalson;1.0
ledoux;1.0
légué;1.0
lenain;1.0
pévedic;1.0
poullen;1.0
lestapis;1.0
samuel;1.0
vezouet;1.0
lévy-alphandéry;1.0
llliaz;1.0
louis-dreyfus;1.0
luart;1.0
seineintérieure;1.0
lyrot;1.0
macouin;1.0
malet;1.0
mallarmé;1.0
mandel;1.0
marohandeau;1.0
marie;1.0
marquet;1.0
martel;1.0
artin;1.0
germain;1.0
hérault;1.0
massé;1.0
massimi;1.0
maupoll;1.0
mozerand;1.0
médecln;1.0
mège;1.0
merlant;1.0
métayer;1.0
meyer;1.0
augustin;1.0
haute-loire;1.0
moilnié;1.0
moncelle;1.0
montaisru;1.0
montigny;1.0
montillot;1.0
morinaud;1.0
moustier;1.0
comte;1.0
moutet;2.0
basses-pyrénées;1.0
nominé;1.0
obcrkirch;1.0
outrey;1.0
paganon;1.0
palmade;1.0
parmentier;1.0
patenôtre;1.0
patenôtre-desnoyers;1.0
péchin;1.0
pellé;1.0
perfettl;1.0
pernot;1.0
perreau-pradier;1.0
perrin;2.0
peter;1.0
pezet;1.0
pic;1.0
picard;1.0
piétri;1.0
pinault;1.0
piot;1.0
flichon;1.0
lt-colonel;1.0
poillot;1.0
polignac;1.0
polimann;1.0
poncet;1.0
potut;1.0
pradel;1.0
proust;1.0
quenette;1.0
quesnel;1.0
raude;1.0
reille-soult;1.0
dalmatie;1.0
reynaud;2.0
llocca-serra;1.0
roche;1.0
dordogne;1.0
rochereau;1.0
rodez-benavent;1.0
maine-et-loire;1.0
rollin;1.0
rotours;1.0
roulleaux;1.0
dugage;1.0
roy;2.0
emmanuel;1.0
sallôs;1.0
antoine;1.0
sarret;1.0
saurin;1.0
scia;1.0
seitz;1.0
meurtheet-moselle;1.0
sénac;1.0
sérot;1.0
simon;1.0
taittinger;1.0
tarriieu;1.0
tastes;1.0
thellier;1.0
thiébaut;1.0
meuse;1.0
thureau-dangin;1.0
tillie;1.0
pouet;1.0
deft;1.0
trémintin;1.0
tristan;1.0
vallette-viallard;1.0
bouches-du-rhône;2.0
coted;1.0
wallach;1.0
willzer;1.0
ybarnégaray;1.0
albertin;1.0
ambrosini;1.0
andraud;1.0
puy-dedôme;1.0
archer;1.0
aubaud;1.0
oise;2.0
auffray;1.0
seine-et-marne;1.0
basses-alpes;1.0
bartolini;1.0
basquin;1.0
baylet;1.0
bedouce;1.0
beltrémieux;1.0
béron;1.0
bilgcr;1.0
blacque-belair;1.0
blancho;1.0
blanchoin;1.0
boudet;1.0
ailier;1.0
boutet;1.0
brodel;1.0
brogly;1.0
brom;1.0
drôme;2.0
buisset;1.0
burrus;1.0
cabannes;1.0
capron;1.0
castagnez;1.0
castanet;1.0
gard;2.0
catalan;1.0
gers;1.0
chasseigne;1.0
indre;1.0
chaussy;1.0
chouffet;1.0
cochet;1.0
corsin;1.0
courrent;1.0
couteau;1.0
crutel;1.0
dahlet;1.0
daladier;1.0
daroux;1.0
debrégéas;1.0
delcourt;1.0
delom-sorbé;1.0
desgeorges;1.0
deudon;2.0
mauricer;1.0
alpesmaritimes;1.0
dewez;1.0
deyris;1.0
doriot;1.0
dormoy;1.0
dupré;1.0
dupuis;1.0
armand;1.0
elsaesser;1.0
pelrus;1.0
loire;2.0
fayô;1.0
ferrand;1.0
fié;1.0
fieu;1.0
fontanier;1.0
forcinal;1.0
fouilland;1.0
garchery;1.0
garoiol;1.0
élis;1.0
girard;1.0
félix;2.0
goujon;1.0
gout;1.0
grazianl;1.0
firog;1.0
arsônsi;1.0
jura;1.0
gros;1.0
vaucluse;1.0
guernut;1.0
llulin;1.0
liussel;1.0
inghels;1.0
jardel;1.0
jardilliet;1.0
renaud;1.0
grange;1.0
lassalle;1.0
lavilfe;1.0
lebas;1.0
leculier;1.0
gac;1.0
roux;1.0
lesesne;1.0
ilévéder;1.0
liautey;1.0
longuet;2.0
seinol;1.0
théophile;1.0
charente-inférieure;1.0
louart;1.0
maés;1.0
mahagne;1.0
margame;1.0
marsais;1.0
martin;1.0
lotet-garonne;1.0
martinaud-déplat;1.0
masson;1.0
mauger;1.0
mazft;1.0
m-eck;1.0
meilenno;1.0
enant;1.0
méniel;1.0
côtesdu-nord;1.0
tjules;1.0
monjauvis;1.0
monnet;1.0
morin;1.0
mourer;1.0
marius;1.0
nouelle;1.0
ollier;1.0
parayre;1.0
pascaud;1.0
charente;2.0
paulin;1.0
payra;1.0
perrein;1.0
maine;1.0
et-loire;1.0
perrot;1.0
planche;1.0
plard;1.0
pouchus;1.0
prentout;1.0
ramette;1.0
rauzy;1.0
ravanat;1.0
renaitour;1.0
var;1.0
deuxsèvres;1.0
riffaterre;1.0
rimbert;2.0
vienne;1.0
rive;1.0
rivière;1.0
rorhe;1.0
hautevienne;1.0
romastin;1.0
nubert;1.0
rouger;1.0
rous;1.0
rucklin;1.0
sabiani;1.0
salette;1.0
léonce;1.0
ardè;1.0
schmidt;1.0
jammy;1.0
sellier;1.0
seltz;1.0
thomas;2.0
rhin;1.0
séroi;1.0
serre;1.0
silvestre;1.0
slxte-quenin;1.0
spinasse;1.0
tasso;1.0
tessan;1.0
thlolas;1.0
thlvrier;1.0
thorez;1.0
torrès;1.0
uhry;1.0
valensl;1.0
théodor;1.0
vardelle;1.0
vassal;1.0
vernay;1.0
anej;1.0
bouches-du-rhv;1.0
villedieu;1.0
voirin;1.0
walter;1.0
weill;1.0
amidieu-du-clos;1.0
appeli;1.0
barthe;1.0
edouard;2.0
bérenger;1.0
berthézenne;1.0
besnard-ferron;1.0
bibié;1.0
maxence;2.0
uonnaure;1.0
boully;1.0
bousquet;1.0
brandon;1.0
cabanis;1.0
carmagnol;1.0
cazalet;1.0
chauvin;1.0
chommeton;1.0
cluzan;1.0
dasque;1.0
déat;1.0
deschizeaux;1.0
dezarnauids;1.0
dubon;1.0
férin;1.0
marne;1.0
forru;1.0
fiancette;1.0
fiori;1.0
gounin;1.0
grimaud;1.0
guichard;1.0
jaubert;1.0
lasserre;1.0
laumond;1.0
lebel;1.0
luquot;1.0
manent;1.0
gaslon;1.0
miellet;1.0
mitton;1.0
montagnon;1.0
nast;1.0
petsche;1.0
maurlccyi;1.0
pomaret;1.0
pouzet;1.0
pringolliet;1.0
ramel;1.0
roldes;1.0
de-dôme;1.0
simounet;1.0
susset;1.0
tonnellier;1.0
tri;1.0
varenne;1.0
alexan;1.0
vienot;1.0
calais;1.0
zay;1.0
lucien;1.0
cadoret;1.0
camboulives;1.0
chaulin-servinière;1.0
compère-morel;1.0
dumoret;1.0
geistdoerrcr;1.0
goude;1.0
jacquier;1.0
lagrosillière;1.0
lorgeré;1.0
lotz;1.0
monnerville;1.0
monzie;1.0
niel;1.0
paté;1.0
poittevin;1.0
gasin;1.0
queuille;1.0
seine-;1.0
franco;1.0
soulier;1.0
etléon;1.0
thébault;1.0
vilain;1.0
sarthe;1.0
carat;1.0
annoncés;1.0
vai;1.0
vérification;1.0
cess;1.0
rut;1.0
rectifies;1.0
tlit;1.0
itclt;1.0
imp;1.0
qoai;1.0
yoit;1.0
